100
1.0000000000000000000000000
-0.8000000119209289550781250
0.6399999856948852539062500
-0.5119999647140502929687500
0.4095999598503112792968750
-0.3276799619197845458984375
0.2621439695358276367187500
-0.2097151726484298706054688
0.1677721440792083740234375
-0.1342177093029022216796875
0.1073741689324378967285156
-0.0858993381261825561523438
0.0687194690108299255371094
-0.0549755766987800598144531
0.0439804606139659881591797
-0.0351843684911727905273438
0.0281474944204092025756836
-0.0225179959088563919067383
0.0180143974721431732177734
-0.0144115183502435684204102
0.0115292146801948547363281
-0.0092233717441558837890625
0.0073786973953247070312500
-0.0059029581025242805480957
0.0047223665751516819000244
-0.0037778932601213455200195
0.0030223145149648189544678
-0.0024178517051041126251221
0.0019342813175171613693237
-0.0015474250540137290954590
0.0012379400432109832763672
-0.0009903520112857222557068
0.0007922815857455134391785
-0.0006338252569548785686493
0.0005070602055639028549194
-0.0004056481702718883752823
0.0003245185362175107002258
-0.0002596148406155407428741
0.0002076918754028156399727
-0.0001661535061430186033249
0.0001329228107351809740067
-0.0001063382514985278248787
0.0000850705982884392142296
-0.0000680564771755598485470
0.0000544451831956394016743
-0.0000435561451013199985027
0.0000348449175362475216389
-0.0000278759343927958980203
0.0000223007482418324798346
-0.0000178405989572638645768
0.0000142724793477100320160
-0.0000114179838419659063220
0.0000091343872554716654122
-0.0000073075098043773323298
0.0000058460077525523956865
-0.0000046768063839408569038
0.0000037414451981021557003
-0.0000029931561584817245603
0.0000023945249267853796482
-0.0000019156200323777738959
0.0000015324960713769542053
-0.0000012259968116268282756
0.0000009807974947761977091
-0.0000007846380185583257116
0.0000006277103921092930250
-0.0000005021682909500668757
0.0000004017346384443953866
-0.0000003213877164398581954
0.0000002571101731518865563
-0.0000002056881385215092450
0.0000001645505136593783391
-0.0000001316404052431607852
0.0000001053123241945286281
-0.0000000842498621977938456
0.0000000673998883371496049
-0.0000000539199120908051555
0.0000000431359303831868601
-0.0000000345087443065494881
0.0000000276069958005109584
-0.0000000220855973509515024
0.0000000176684782360325698
-0.0000000141347822335546880
0.0000000113078257868437504
-0.0000000090462606294750003
0.0000000072370083259443163
-0.0000000057896065719376111
0.0000000046316852575500889
-0.0000000037053482504489921
0.0000000029642786003591937
-0.0000000023714228358784339
0.0000000018971382242938262
-0.0000000015177106238439819
0.0000000012141685434841065
-0.0000000009713347903783642
0.0000000007770678545071519
-0.0000000006216542836057215
0.0000000004973234046801167
-0.0000000003978587181929782
0.0000000003182869801054977
-0.0000000002546295951866284
