396
1.000000
-1.250000
1.562500
-1.953125
2.441406
-3.051758
3.814697
-4.768372
5.960464
-7.450581
9.313226
-11.641532
14.551915
-18.189894
22.737368
-28.421709
35.527138
-44.408920
55.511150
-69.388939
86.736176
-108.420219
135.525269
-169.406586
211.758240
-264.697815
330.872253
-413.590332
516.987915
-646.234863
807.793579
-1009.741943
1262.177490
-1577.721924
1972.152344
-2465.190430
3081.488037
-3851.860107
4814.825195
-6018.531250
7523.164062
-9403.955078
11754.943359
-14693.679688
18367.099609
-22958.875000
28698.593750
-35873.242188
44841.554688
-56051.945312
70064.929688
-87581.164062
109476.453125
-136845.562500
171056.953125
-213821.187500
267276.500000
-334095.625000
417619.531250
-522024.406250
652530.500000
-815663.125000
1019578.875000
-1274473.625000
1593092.000000
-1991365.000000
2489206.250000
-3111507.750000
3889384.750000
-4861731.000000
6077164.000000
-7596455.000000
9495569.000000
-11869461.000000
14836826.000000
-18546032.000000
23182540.000000
-28978176.000000
36222720.000000
-45278400.000000
56598000.000000
-70747504.000000
88434384.000000
-110542976.000000
138178720.000000
-172723392.000000
215904240.000000
-269880288.000000
337350368.000000
-421687968.000000
527109952.000000
-658887424.000000
823609280.000000
-1029511616.000000
1286889472.000000
-1608611840.000000
2010764800.000000
-2513456128.000000
3141820160.000000
-3927275264.000000
4909093888.000000
-6136367104.000000
7670458880.000000
-9588073472.000000
11985091584.000000
-14981364736.000000
18726705152.000000
-23408381952.000000
29260476416.000000
-36575596544.000000
45719494656.000000
-57149366272.000000
71436705792.000000
-89295880192.000000
111619850240.000000
-139524816896.000000
174406025216.000000
-218007535616.000000
272509419520.000000
-340636762112.000000
425795944448.000000
-532244922368.000000
665306136576.000000
-831632703488.000000
1039540879360.000000
-1299426050048.000000
1624282497024.000000
-2030353121280.000000
2537941368832.000000
-3172426842112.000000
3965533552640.000000
-4956917071872.000000
6196146208768.000000
-7745182892032.000000
9681479139328.000000
-12101848399872.000000
15127311024128.000000
-18909138780160.000000
23636423475200.000000
-29545528819712.000000
36931912073216.000000
-46164892188672.000000
57706115235840.000000
-72132641947648.000000
90165800337408.000000
-112707248324608.000000
140884054114304.000000
-176105067642880.000000
220131334553600.000000
-275164159803392.000000
343955208142848.000000
-429944010178560.000000
537429995945984.000000
-671787511709696.000000
839734423191552.000000
-1049667995435008.000000
1312084994293760.000000
-1640106276421632.000000
2050132845527040.000000
-2562666056908800.000000
3203332638244864.000000
-4004165797806080.000000
5005207247257600.000000
-6256508924854272.000000
7820636156067840.000000
-9775795463520256.000000
12219744597835776.000000
-15274680747294720.000000
19093350128812032.000000
-23866686587273216.000000
29833358234091520.000000
-37291697792614400.000000
46614620093284352.000000
-58268275116605440.000000
72835343895756800.000000
-91044184164663296.000000
113805225910861824.000000
-142256532388577280.000000
177820665485721600.000000
-222275827562184704.000000
277844784452730880.000000
-347305967681011712.000000
434132476781133824.000000
-542665613156286464.000000
678332016445358080.000000
-847915054916435968.000000
1059893818645544960.000000
-1324867256127062016.000000
1656084138878304256.000000
-2070105242317357056.000000
2587631621616173056.000000
-3234539458300739584.000000
4043174185436971008.000000
-5053967869235167232.000000
6317459561666052096.000000
-7896824452082565120.000000
9871030565103206400.000000
-12338787656623194112.000000
15423485120534806528.000000
-19279355850912694272.000000
24099194813640867840.000000
-30123992967295270912.000000
37654992308630716416.000000
-47068738186765139968.000000
58835922733456424960.000000
-73544903416820531200.000000
91931125972490780672.000000
-114913909664636731392.000000
143642389279819169792.000000
-179552993196843728896.000000
224441250292147683328.000000
-280551562865184604160.000000
350689462377573777408.000000
-438361810379781177344.000000
547952262974726471680.000000
-684940363902780178432.000000
856175454878475223040.000000
-1070219301005907984384.000000
1337774143849571024896.000000
-1672217644627591692288.000000
2090272020600117526528.000000
-2612839885012658552832.000000
3266049856265823191040.000000
-4082562320332278988800.000000
5103202689309116203008.000000
-6379003220898906898432.000000
7973753744648656912384.000000
-9967192180810821140480.000000
12458989944538549714944.000000
-15573737993623140564992.000000
19467171929078972284928.000000
-24333964348398761934848.000000
30417455998448405839872.000000
-38021819998060507299840.000000
47527274997575634124800.000000
-59409094872869449498624.000000
74261367465186905030656.000000
-92826709331483631288320.000000
116033388916154352795648.000000
-145041740648792568365056.000000
181302166803791455715328.000000
-226627708504739319644160.000000
283284631127324522184704.000000
-354105788909155652730880.000000
442632218122046056431616.000000
-553290272652557570539520.000000
691612822801298453692416.000000
-864516028501623067115520.000000
1080644999598231814930432.000000
-1350806213468992749699072.000000
1688507730807443918159872.000000
-2110634663509304897699840.000000
2638293401444225160052736.000000
-3297866823862875487993856.000000
4122333673943782435848192.000000
-5152916948314539968954368.000000
6441146473623551112904704.000000
-8051433092029438891130880.000000
10064291076806422462201856.000000
-12580363557777651926040576.000000
15725455023682817210974208.000000
-19656818203142769210294272.000000
24571021601006956906020864.000000
-30713778154180200739373056.000000
38392221539803746317369344.000000
-47990274618911673683017728.000000
59987843273639592103772160.000000
-74984806397892499343409152.000000
93731005691522614965567488.000000
-117163757114403268706959360.000000
146454696393004085883699200.000000
-183068365879569088927236096.000000
228835457349461361159045120.000000
-286044326298512719876194304.000000
357555417096512936700018688.000000
-446944280594013207729799168.000000
558680341519144472807473152.000000
-698350417675558554154565632.000000
872938003647704118983655424.000000
-1091172504559630148729569280.000000
1363965686039769907040616448.000000
-1704957144443200531219873792.000000
2131196467447488811443945472.000000
-2663995547415872866885828608.000000
3329994434269841083607285760.000000
-4162493042837301354509107200.000000
5203116377333602987974590464.000000
-6503895766814908914321063936.000000
8129869708518636142901329920.000000
-10162336692926437409597423616.000000
12702920275862236403291127808.000000
-15878650344827795504113909760.000000
19848314111626365097553690624.000000
-24810392639532956371942113280.000000
31012989618824574747516338176.000000
-38766237023530718434395422720.000000
48457798640596639477816885248.000000
-60572245939562557912448499712.000000
75715307424453197390560624640.000000
-94644139002932979607845994496.000000
118305178476032707379452706816.000000
-147881473095040884224315883520.000000
184851841368801105280394854400.000000
-231064806433367864470138781696.000000
288831003319343347718028263424.000000
-361038744704446218908244901888.000000
451298430880557773635306127360.000000
-564123019711231285565551804416.000000
705153736860107243999778045952.000000
-881442171075134054999722557440.000000
1101802751622849431706814906368.000000
-1377253477307493652590680342528.000000
1721566884413298928695512137728.000000
-2151958681074487386783713591296.000000
2689948200227381781650995150848.000000
-3362435250284227227063743938560.000000
4203043987297420307915356504064.000000
-5253804833006047933065548791808.000000
6567256192373287368160582828032.000000
-8209070542698064113858022211584.000000
10261338178372580142322527764480.000000
-12826672722965725177903159705600.000000
16033341205938611376036243308544.000000
-20041676205191809316388010459136.000000
25052095860952671452799600427008.000000
-31315119826190839315999500533760.000000
39143900991664368759628550373376.000000
-48929875030654641334906513260544.000000
61162342579392482054003966869504.000000
-76452928224240602567504958586880.000000
95566156653523294365493674115072.000000
-119457693399052478727608743231488.000000
149322116748815598409510929039360.000000
-186652653189574415699663709536256.000000
233315816486968019624579636920320.000000
-291644765773006746072207847325696.000000
364555971723368267965809905631232.000000
-455694974325616891874295779688448.000000
569618727578427671759903122259968.000000
-712023419144441146616912300474368.000000
890029293273364547105207170891776.000000
-1112536635934518797715575758913536.000000
1390670736889709155642269312745472.000000
-1738338459797762672220970231529472.000000
2172923036061577112608079198814208.000000
-2716153717705718935423831817322496.000000
3395192301874653579952324134043648.000000
-4243990222600812064267870805164032.000000
5304987778251015080334838506455040.000000
-6631235032298778671763616857849856.000000
8289043480888463518359452347531264.000000
-10361304351110579397949315434414080.000000
12951630748373234068781713017798656.000000
-16189538435466542585977141272248320.000000
20236922734848168411126357865529344.000000
-25296153418560210513907947331911680.000000
31620192392170282785075071614451712.000000
-39525241728152892766724114417188864.000000
49406553398131155243785417920610304.000000
-61758194223544022625492322199011328.000000
77197742779430028281865402748764160.000000
-96497178474287535352331753435955200.000000
120621470616979340619654141996695552.000000
-150776838271224175774567677495869440.000000
188471042887270062576688497273339904.000000
-235588803609087578220860621591674880.000000
294486009463119629917596876586090496.000000
-368107511828899537396996095732613120.000000
460134389786124421746245119665766400.000000
-575167977329135212899764200389214208.000000
718960001371979958973831848065499136.000000
-898700021522015577283374208467861504.000000
1123375007095478843038133362198839296.000000
-1404218719255267296665497905976573952.000000
1755273319840921606567534788926767104.000000
-2194091649801152008209418486158458880.000000
2742614681093683781658279498013999104.000000
-3428268509823429755601524559605399552.000000
4285335637279287194501905699506749440.000000
-5356669308914621450334369343751585792.000000
6695836953055926869975312053865283584.000000
-8369796191319908587469140067331604480.000000
10462244922237235677279074709988704256.000000
-13077806152796544596598843387485880320.000000
16347257057170380631633853486005747712.000000
-20434071321462975789542316857507184640.000000
25542589151828719736927896071883980800.000000
-31928237073611199785274570838206578688.000000
39910295708188699617478512799406620672.000000
-49887872170537074978306943992664686592.000000
62359840213171343722883679990830858240.000000
-77949802801765380110063402981944983552.000000
97437253502206725137579253727431229440.000000
-121796569413059606878432870152695447552.000000
152245709231023308141582284697462898688.000000
-190307131468176734264060249885015801856.000000
