100 50
-307 495 -555 -224 -669 -117 792 47 -408 850 707 -247 198 -880 373 404 464 -254 -494 947 992 110 -688 -574 228 -862 807 536 -518 855 434 998 -812 939 128 -215 -51 -989 -506 -555 490 920 -589 883 -242 297 -305 250 -903 -869
-878 -232 -593 -134 138 -304 -409 474 -178 -272 356 9 827 -926 258 435 -304 133 277 7 -540 93 119 875 -878 -577 -622 -520 917 -243 -281 -863 164 -337 288 -907 440 298 -81 103 893 -553 -688 395 -324 -244 -346 -817 172 928
470 -757 -570 957 21 491 -827 817 -159 -658 85 834 22 -197 429 117 -559 -192 -418 356 -961 546 528 -335 999 21 -987 417 -322 -571 -355 -267 -489 207 -808 -269 308 -843 -212 -529 969 522 471 -769 -94 -578 -776 972 -454 224
-104 90 -796 -792 -459 -865 50 698 -477 -485 -653 664 465 757 336 -854 303 -474 -483 532 319 680 481 -908 770 -239 -551 -287 -201 -544 651 344 -638 971 734 -83 941 -6 374 757 810 763 -110 -672 109 969 -665 520 -623 837
595 361 -363 -478 882 623 910 567 -191 528 -8 628 347 -502 -942 -912 -813 -413 -369 -890 733 -191 342 -673 342 -796 826 -596 -303 -547 -105 556 272 966 -801 234 -207 -765 171 -123 274 -593 81 -193 -119 -335 694 752 539 286
483 -637 -330 814 753 280 -209 500 -273 -516 -808 -346 717 113 -353 594 -667 -442 476 894 -373 785 -797 -866 462 16 -301 -993 631 -81 -553 622 834 321 -640 74 -382 208 57 -593 637 269 532 711 -897 -32 403 24 947 520
-214 385 69 -834 -658 -332 -670 -518 -620 586 -691 495 -432 500 625 157 514 -357 723 719 216 -834 884 -716 -374 -910 3 -579 -891 632 9 -796 -834 882 -85 30 796 -366 43 558 651 824 -217 315 455 -659 -725 -384 126 405
311 -514 -688 -765 -724 -173 154 -881 -92 -773 626 172 -730 -946 501 14 -435 -227 770 -246 -879 -402 -373 965 12 935 -820 463 83 138 -113 362 933 -22 -14 488 142 -402 -259 -876 -985 -541 -161 709 -750 644 263 -90 3 -360
216 -766 320 653 -352 -142 541 -364 -620 -961 469 914 505 -788 -138 333 -766 -651 882 281 824 -220 19 483 -885 501 103 -465 473 964 964 367 33 143 618 -564 -975 34 807 344 -298 873 578 -92 -663 961 691 -908 357 -693
-390 285 901 -763 -441 -104 11 -73 281 162 201 -365 -578 260 536 -368 -205 -667 823 159 -551 49 -60 -890 -217 -202 -724 291 -236 900 -232 308 -705 619 649 -182 -165 -994 -990 666 -377 -682 -763 -902 178 -664 848 378 -303 -859
906 -14 -971 480 439 648 -115 -543 32 516 -910 70 -51 584 8 -781 -592 -926 -43 588 657 425 -495 207 48 -238 -11 -550 -220 685 268 -160 697 -884 -868 -769 96 382 106 647 963 -74 -370 578 -77 -742 -443 -195 687 -162
-575 330 505 -729 -627 -121 -845 -441 968 714 -133 734 14 292 477 -946 571 41 -544 152 -389 543 791 -226 350 981 796 -266 -585 819 -737 491 -565 -518 -710 -536 -136 797 -690 -436 400 -515 -447 -754 -830 -785 982 -228 169 664
-419 -531 -717 650 -907 704 -621 -877 408 863 355 46 111 -419 707 84 -417 -119 -727 781 928 922 -618 -54 -204 -449 437 -869 -622 -135 -548 -696 -215 260 -332 347 917 444 880 -401 216 -61 -312 -493 -73 -123 709 -669 -29 361
-33 437 -534 606 14 -974 -93 -525 -260 589 -340 325 -861 -64 -188 356 -151 -477 -532 806 -455 -45 -747 428 759 580 -731 895 215 388 -946 -75 -157 19 882 315 5 -149 361 234 -101 804 344 389 882 491 -807 -949 766 354
-202 86 -85 -697 -682 -878 985 548 -591 -931 799 176 459 -494 -25 -623 -570 313 -459 -77 -588 -282 292 243 618 244 549 -231 -221 -48 784 881 -603 569 -330 -769 -735 -609 -625 101 845 -955 893 -968 631 -245 91 922 -459 -597
-183 -308 -570 684 -759 -867 -89 726 -577 648 278 530 -311 -431 539 336 -138 526 413 -213 487 -293 -146 606 248 877 -473 -19 -586 -73 -466 468 -557 -109 -475 -694 285 855 360 98 624 -454 -633 426 -997 -254 -278 -535 436 -867
-593 983 -498 366 -328 235 -323 873 210 -496 300 -778 269 321 -412 597 842 -298 -625 572 -659 138 -486 -574 -77 -36 389 346 -797 -674 269 343 226 -474 824 971 -830 82 -215 -270 31 940 934 143 582 -24 -240 920 731 -49
-21 620 578 -838 614 -786 196 -290 -514 69 -497 -145 368 571 777 -952 -901 -288 323 -523 42 -344 39 -377 -749 -360 -81 -789 745 330 62 -176 100 -838 369 -861 -879 960 -36 895 856 -646 -94 -291 508 372 234 -260 952 683
-860 902 682 13 917 711 39 -802 677 324 -910 -684 -63 -500 779 270 -548 -704 -54 195 658 -835 -328 597 -949 50 -588 -119 566 -523 919 -108 -97 -599 924 -737 348 -637 -237 656 695 -688 -379 796 626 -884 518 331 -17 31
55 -822 752 -396 855 -728 -208 -133 -927 -792 894 -258 757 474 828 727 -413 -510 909 467 -100 600 244 151 605 690 890 -300 596 70 -784 -343 -475 -526 510 -90 698 -234 878 -258 106 -941 -55 68 -235 384 -932 -24 -384 -282
-321 887 905 -179 456 769 507 -83 -611 -643 -338 -583 -120 752 -18 578 648 153 -781 270 967 -723 14 699 -669 -450 -479 155 105 559 607 656 473 286 575 -632 -353 -302 515 925 756 -461 -194 -469 -295 498 627 -789 -799 -955
62 -883 859 -248 5 501 -820 637 -576 -403 586 -91 610 698 -870 921 -392 -262 889 -47 -957 -451 -276 28 -536 -719 -69 -968 -644 -584 -721 466 685 -58 -150 187 -149 -492 17 -805 131 -762 -492 261 -603 517 589 -207 -854 745
-338 809 -747 -183 -923 798 970 -671 -490 644 710 -445 -490 -840 -76 494 367 -728 608 698 126 -962 -438 571 -701 -597 923 824 748 628 -627 596 315 -99 220 -624 -993 128 490 -386 -740 -683 -929 -538 990 962 45 -805 705 -211
767 56 135 -293 200 254 959 969 -540 -811 -962 -622 -659 590 -43 -704 250 284 582 -890 -869 872 181 -865 182 -959 -230 81 833 169 51 -449 624 -927 -807 -173 626 899 500 -862 463 825 777 -54 -273 76 -921 -132 -636 407
281 -140 504 -395 39 -948 664 -756 100 -914 -609 770 -831 296 532 -1 -431 431 539 704 -777 -835 384 566 -433 113 -926 -639 705 836 697 -112 139 142 562 -878 212 -301 674 -155 -381 497 525 825 134 -910 672 -348 157 834
537 -17 440 -293 345 997 -830 -263 -450 192 666 -269 604 959 -527 -360 430 209 -158 -201 189 -948 -127 -631 -425 -734 625 -371 -317 -131 -860 685 -468 -851 -782 722 -405 792 142 -772 234 898 110 5 -480 -794 4 151 237 -255
-300 751 -826 -768 314 277 350 -792 798 470 621 757 -635 -619 -498 253 -83 711 229 648 -373 262 736 217 159 -510 -214 -807 -624 445 219 -766 -462 -667 -704 29 44 472 -445 77 915 -468 -814 -434 -72 -524 -102 457 587 268
131 -146 -937 738 515 979 -647 94 27 24 47 -393 137 120 -306 -429 -757 -118 -515 -707 864 580 326 -935 -904 440 -114 -600 -692 463 946 -34 -243 352 -623 764 -447 398 810 -925 -966 -693 786 98 -189 -365 -687 413 -694 474
-299 939 689 994 -400 868 344 -957 -36 -900 -925 113 140 677 -163 369 311 697 915 -975 707 -668 -65 878 -445 -78 -56 599 -32 -82 -691 -820 188 -728 -777 356 462 -755 -63 -87 -633 -145 -161 -323 -845 662 856 -185 -549 894
-243 253 662 -199 -502 -352 -948 416 -137 -102 -526 -721 828 621 -183 337 691 566 271 -417 530 562 682 -474 -488 -696 713 -507 -441 800 -300 -54 -263 -784 -27 -817 975 993 194 -288 64 793 816 857 -338 -143 -137 -419 -71 -481
61 795 218 -574 -148 -346 169 301 468 -945 380 738 795 285 -111 159 -976 902 189 -104 508 -295 -798 -911 -384 -936 929 655 980 383 -913 -415 763 -260 395 -730 537 558 -642 -99 387 954 -326 -999 483 -19 -747 1 -755 341
149 108 -223 926 475 917 72 545 -539 -309 791 684 443 789 -123 311 -273 974 -552 -10 -390 -517 326 848 -583 271 835 -898 -392 -721 -987 956 -169 228 493 -110 898 -705 871 -945 287 -371 -624 -759 -792 -342 229 952 960 916
-480 -59 -849 -241 954 -98 450 747 -853 -297 -304 -108 692 -503 -213 153 -994 -69 -211 115 -955 -333 487 194 -331 -92 -426 -55 -560 -522 -276 843 525 538 -359 469 -601 460 539 -349 -570 -693 -787 -47 406 -852 -994 81 -863 517
-707 898 -825 -510 -620 -257 -49 709 -830 802 -522 -248 323 -370 -108 623 634 631 -735 -797 -955 -243 279 -495 116 -951 344 641 -740 -397 -793 -352 737 438 268 506 493 -257 -293 875 284 893 -583 524 -113 -139 -592 -989 42 -179
698 -469 299 -685 -895 179 188 173 -363 476 63 770 -768 301 682 622 288 -982 968 357 -273 936 990 732 -61 863 -50 200 854 628 -560 -674 796 -761 846 286 -965 3 363 -811 -790 -423 -533 830 -952 613 934 58 -976 447
-961 -108 -265 -389 307 -811 -375 606 190 64 556 -921 -337 885 180 -790 179 266 -982 -120 416 -85 473 -522 -20 63 164 -481 -660 -587 894 246 -977 -765 528 -894 21 -533 769 -630 175 126 -150 477 -483 540 -859 719 508 -919
-340 771 752 738 914 141 -883 507 570 -411 -586 752 -20 -369 -339 -463 377 80 443 24 -42 886 -223 -413 656 -619 918 484 653 -213 887 374 133 596 -803 950 -364 346 -700 639 342 -784 929 900 -843 904 114 -62 -404 835
-945 -830 967 -725 443 905 154 -388 -542 406 11 -315 -318 850 986 451 -704 -816 472 835 143 775 -222 -706 154 -866 -731 -888 178 -682 642 -396 -572 -72 -720 42 -271 -603 924 452 -497 -827 296 121 463 989 -513 413 562 -807
-141 42 -295 -27 -75 637 709 109 528 -579 -9 236 -934 -585 661 95 -396 -648 -838 96 -135 -526 92 768 -668 -114 393 -857 -255 -695 827 -339 -709 120 723 -339 -888 538 -649 577 546 -805 -988 -785 33 929 -817 792 753 369
594 -269 -880 -652 -267 -531 670 932 -239 519 -95 960 -947 -11 354 706 837 -499 497 -134 -17 -901 -471 -148 -902 -216 -658 315 48 396 979 -52 -529 87 -61 608 633 979 787 -84 673 -67 -583 220 362 699 525 0 580 -618
796 -11 535 972 -920 -440 -935 133 -502 881 -667 -230 -352 -94 -575 345 184 886 -924 118 275 2 771 452 -280 -863 -300 -682 -369 184 694 -789 20 32 424 172 362 350 -325 829 -295 -216 -268 -962 -43 -598 453 649 -194 -454
-814 -165 990 859 837 856 757 -925 -195 988 726 -400 634 112 -954 -80 294 -60 -174 145 -850 498 280 147 -687 780 -140 -337 -596 -566 -738 365 255 326 -822 -455 -359 -149 -945 -457 294 796 -94 789 133 -165 -392 -884 -334 -907
-609 736 -525 184 376 -326 506 -613 -896 -53 92 147 817 -294 -393 -380 419 150 -438 594 818 317 89 858 650 -997 -848 -306 -353 -159 -800 -290 390 626 935 -39 18 -104 -379 362 770 -168 797 855 254 972 -693 -613 -247 653
579 223 -676 -148 -713 -786 435 -820 -34 -899 -873 -660 -189 645 -486 551 -423 -601 368 754 -464 -279 415 -848 -38 -261 404 102 931 -610 -37 -423 882 362 401 -666 -738 -834 95 -24 816 673 868 -447 -439 929 733 -251 -629 659
-17 782 -141 472 631 420 588 -756 -210 -993 263 -759 763 -60 -724 -483 -196 572 27 801 626 -942 770 -45 -48 60 -448 -174 -728 18 -728 -409 449 69 -136 156 -774 820 -308 -198 628 20 -778 148 608 375 855 -689 467 139
-913 963 246 584 478 -964 -134 -752 99 -413 338 -136 -573 -278 99 -721 -170 817 21 -682 803 -282 -889 -170 106 595 247 -741 277 317 6 208 -880 -197 830 619 -364 188 -461 -970 -842 195 -265 637 631 -855 848 586 766 -582
-671 -636 -705 458 974 -105 909 -490 -449 498 736 -487 -579 90 -196 -70 -607 -667 -752 549 64 -344 54 -182 337 862 47 174 -72 -31 -866 946 747 370 -218 -852 -150 -221 689 -603 819 264 915 651 -713 413 286 -727 -2 421
-864 -223 665 -912 -255 -286 88 610 -342 -620 834 792 871 -877 -629 -940 379 676 624 388 966 -407 -959 509 -524 569 341 739 -184 724 -749 974 53 540 584 430 -941 184 -620 -635 333 -366 901 -291 -828 722 -641 229 505 969
279 912 673 -637 695 372 784 820 878 87 8 515 -507 -543 515 998 366 -931 660 936 -22 97 -704 647 -900 -247 -902 28 -67 -512 -542 -447 -91 859 354 953 -28 -524 616 438 -566 112 61 101 -395 -748 365 -800 -577 328
-639 -636 298 813 -162 -787 -134 -115 644 555 0 897 -71 219 332 235 600 977 262 26 -601 -325 145 -840 -555 747 731 -355 53 -242 -862 343 -238 -343 -162 -297 580 369 199 416 -169 -347 -776 766 -406 751 -100 -579 -88 -762
-40 998 -369 272 -575 961 -857 169 602 -538 188 512 -512 718 474 627 709 912 -532 5 -130 737 282 -127 -405 402 -273 -768 -92 -949 -710 330 -308 210 -544 -803 -277 -84 418 -12 -54 -83 596 910 626 166 963 -492 264 -324
-554 80 255 -403 -242 -913 -769 -104 -401 -923 -281 -133 -364 432 548 -744 -513 -518 246 123 632 -30 416 757 -863 708 -789 496 -501 663 256 -258 -673 -483 -876 -809 -864 -424 101 830 -593 -246 302 -296 -924 994 360 -421 738 210
-687 -607 -160 953 -979 874 -999 -697 802 350 963 -3 -640 -323 -844 956 116 -70 -597 -63 75 866 698 -163 744 -563 -122 944 -401 326 501 435 704 -353 -584 682 995 527 444 967 263 -870 -299 -536 196 403 -933 -36 401 -933
-490 -986 435 892 877 -745 849 -964 -78 329 -8 269 969 138 417 -620 217 -590 988 -70 788 -125 582 800 311 567 308 898 -404 216 -313 -775 418 -395 -988 -680 267 -225 421 817 -489 -57 33 522 -369 -961 -600 857 943 -932
-830 -659 -682 410 258 -974 -651 956 -629 663 448 -625 -159 562 -653 -738 380 899 -912 842 -935 -260 -318 295 400 878 -274 180 -32 886 -381 -708 -76 354 -233 -33 583 243 571 122 819 745 603 350 272 764 232 -936 -658 -989
454 560 -243 483 828 -116 941 -288 -529 70 -328 -20 -534 -7 -349 716 462 -654 -14 -86 -756 -868 -695 -185 404 -478 579 -672 738 192 558 634 228 -989 948 315 650 838 -180 378 -415 -542 121 -443 -982 277 -70 386 -521 -490
259 -594 694 -701 179 59 23 582 -468 319 489 -723 -586 -794 -938 237 348 -973 927 -7 -409 821 233 822 468 885 750 552 -611 336 -647 865 -747 57 348 328 -776 -613 -232 147 115 -60 183 -844 362 886 -906 -650 -62 8
-644 479 -688 417 722 -792 347 566 523 224 -625 764 401 -98 -211 -705 375 984 -150 -111 -619 324 409 198 -956 -848 3 261 218 -623 -6 304 679 -504 -548 -180 -79 -7 476 733 -331 -434 -174 -63 593 -95 -365 740 864 -160
620 -361 -850 151 260 738 -399 252 81 778 -573 -478 -706 -87 -311 751 569 678 740 -883 484 -131 -314 -663 25 503 -198 449 -162 99 643 879 -511 -558 470 -195 -772 -918 -315 -17 729 699 235 -608 182 -306 -866 350 958 402
-904 876 -557 -615 -474 83 -544 -466 891 -474 836 565 -655 -144 862 -600 -930 101 -40 536 815 -14 796 38 -890 69 -871 269 64 -275 168 -935 831 -490 425 -214 -764 642 117 608 693 -683 496 -795 -625 9 2 -490 -450 -248
415 -213 350 278 572 602 565 -993 756 598 -6 557 579 232 5 34 -350 611 800 -622 672 969 353 436 -383 -189 111 653 -393 865 -894 133 -322 793 866 -650 -753 -416 -814 374 -77 718 -637 -559 243 -926 -24 559 298 -200
-370 624 426 -422 -62 -724 -541 -573 -670 381 -930 273 -29 -375 -340 -916 -196 -560 -784 215 -387 -653 687 19 -597 739 260 -892 27 -744 619 463 -138 915 875 810 755 -507 76 -908 953 -742 -578 -807 -479 593 752 587 83 -334
419 624 909 -680 915 939 -64 -713 -957 659 -554 -979 -849 -281 790 -438 -149 -784 541 121 358 -271 869 -188 298 -145 -550 -242 469 473 486 939 -196 937 -732 -137 834 -576 -219 487 82 -372 950 -400 -262 -697 120 -483 872 390
-313 -867 851 -608 -484 656 3 641 421 -132 -911 929 -196 996 49 -148 -139 -99 -778 752 929 308 27 -499 382 745 -928 708 619 897 360 851 -162 830 882 471 -564 136 -440 -248 858 513 -879 -605 868 168 604 -628 -796 641
-972 857 74 919 377 -623 699 -540 -103 518 -820 834 -664 -324 -66 -652 -491 447 -870 -946 924 -36 -267 -535 397 559 -138 -199 -617 -104 970 561 -3 -664 977 812 -234 -399 802 -255 991 -624 387 -972 867 595 -200 758 -926 777
306 988 733 443 -135 48 -891 158 146 -451 -984 -376 -739 -599 109 428 785 736 237 -300 599 -9 -721 -36 718 -25 865 -471 561 251 668 656 -74 -600 -824 -832 -116 -359 -452 -2 -231 -64 103 -416 580 578 430 111 -58 -762
-487 578 -418 181 -315 -227 -85 -711 -118 -758 -679 -851 408 135 -440 -984 737 -487 -61 736 -191 187 -390 -822 227 665 -274 308 -253 -35 -162 -360 -755 732 551 -149 508 -472 -236 -900 748 793 -235 511 -983 695 510 762 -279 504
-893 -615 -301 864 -665 19 481 69 -278 105 930 -881 143 -803 -773 79 -428 928 66 -705 -101 -711 -551 257 50 395 -506 -450 402 162 143 -318 144 -915 20 363 -969 224 464 -317 812 103 689 272 -806 356 -867 -902 -20 -205
994 -979 -846 -894 -710 268 657 481 779 586 -880 -786 -187 977 -443 -387 -164 42 -680 701 520 635 -3 -988 863 406 735 434 233 40 -283 -364 739 6 -160 615 308 -9 -503 919 740 67 -368 848 929 -801 -689 352 -426 -998
-701 220 204 -116 -316 432 772 733 459 463 128 -825 113 166 -296 -781 -254 -840 -784 -556 445 -498 -700 132 -936 21 -677 -326 463 -825 102 474 844 -515 854 990 -69 -494 292 -308 -395 815 258 887 754 -221 110 541 -624 -206
-548 425 -496 176 195 2 848 -571 935 86 -984 353 -990 -549 -761 262 -66 726 419 -435 450 641 747 -77 -739 -696 -754 -402 -185 853 610 -35 -491 251 60 358 946 86 850 715 403 -775 131 -633 -341 -27 -232 296 -798 478
-41 -366 74 -206 -269 151 -104 -316 -15 457 182 -388 -62 -751 -372 -961 269 -305 687 -457 -428 96 -280 868 784 -741 434 -253 -900 -95 -331 420 415 -697 886 738 496 329 -257 -863 -325 -521 -374 256 -610 -80 944 743 -62 -246
-963 -975 662 32 -380 -912 70 380 607 -307 826 344 459 -897 782 684 -165 145 -386 -998 436 -987 907 204 346 29 533 -634 -455 -666 -516 300 298 -820 -489 187 -70 -125 600 -574 898 973 117 -738 980 783 801 -540 285 -742
876 -12 -369 -602 -945 483 -760 155 -407 775 902 -998 -181 -925 225 -596 129 651 -533 770 -318 -912 271 -701 -4 720 367 -592 -312 -969 -285 -357 647 -951 -818 -85 713 -815 -420 -181 -807 -501 770 865 -330 354 309 448 761 71
-166 -709 728 -101 -499 573 566 -697 -377 -545 -326 -609 -762 -513 -368 -513 452 -371 641 -294 -900 -241 -717 880 228 45 -634 151 39 380 282 331 62 -753 939 240 -750 230 -106 -927 697 -838 -272 -962 842 -58 908 -64 -41 9
-557 344 439 451 -379 244 -59 -704 526 -285 500 622 945 138 -965 899 -136 -426 -75 414 -967 -842 -144 -199 881 45 -803 693 -628 634 814 -453 674 -972 745 -773 -291 -690 -108 -902 881 769 -47 520 -60 493 782 938 970 745
-102 -351 -999 -665 189 -217 795 600 -455 703 971 -556 744 912 125 -818 619 464 -29 -370 771 -628 966 204 95 212 -827 -310 914 -786 -57 -353 -591 574 -582 -885 -127 -279 -942 -480 -261 492 -734 277 812 -932 163 -135 21 -319
-897 512 781 417 -982 -119 -382 -17 954 -136 -70 394 899 -381 -781 -421 -117 -65 -5 -202 821 133 905 743 395 -551 -857 111 -12 -633 349 947 61 -447 -265 996 918 -37 647 170 276 138 672 -574 -31 163 712 626 719 636
366 178 -167 534 -155 910 723 687 -238 -689 -599 -410 714 892 913 -921 552 473 283 990 -887 920 128 -157 -254 -638 -541 -207 -604 793 -660 -675 297 -923 348 349 554 -637 900 233 765 537 148 741 51 344 -887 -868 903 642
-782 -532 -841 557 905 551 -445 -634 408 677 144 -101 -884 -587 -288 -96 -148 165 -361 745 130 857 162 -333 753 -14 -531 -871 945 -118 446 -350 771 158 552 968 -126 -718 571 -280 649 -603 130 876 502 -228 -49 977 -320 -115
651 187 -934 463 146 940 758 734 -822 661 -723 234 -563 -443 -582 -781 117 -10 -458 768 997 695 939 953 758 -258 -443 -273 -403 -956 -200 -863 -923 850 -881 -792 134 552 -983 969 -87 -567 -554 -198 331 138 505 752 715 -152
693 -460 307 -113 38 649 948 615 348 -622 573 119 558 -392 143 162 260 722 -661 991 -537 -123 -967 97 -86 397 -209 149 875 660 211 352 -915 -964 -336 -75 -813 450 -872 -907 196 999 -501 541 322 -887 872 460 325 -470
-854 543 981 361 -973 -323 -45 199 314 262 692 -843 362 -604 27 -704 -986 729 -685 485 -20 -996 662 448 -415 894 623 701 74 441 127 -471 -652 -948 -736 -961 -570 518 -515 907 -970 -55 -315 -799 80 295 73 683 -174 -967
-639 648 -463 127 5 551 -535 -404 -379 -861 44 -845 210 -53 -8 -809 -24 -508 -86 -954 135 -655 950 -218 215 -335 -305 924 -502 -165 -642 718 732 393 -232 486 -96 174 -142 907 273 -592 -721 550 -704 673 290 -955 -433 -477
141 836 51 130 -919 -840 -883 -227 -942 475 805 -415 -280 410 -634 -90 -354 -996 -89 -928 741 -979 451 106 -455 -34 -914 998 774 -179 59 276 -577 -187 145 -773 494 -132 -766 -903 -172 -610 -954 -335 140 844 -45 -948 592 863
744 -68 -484 451 737 -331 -473 -895 -503 -245 -49 -777 748 574 342 753 -311 89 -995 369 -580 878 145 966 -847 -916 754 684 159 -521 -568 -662 781 284 737 -654 654 71 533 229 856 873 714 -993 -100 743 -679 175 929 224
429 499 -33 507 -733 43 -467 117 -268 658 51 863 246 854 595 165 900 -776 -391 -995 -62 789 658 709 753 -70 518 -453 494 900 -844 -423 -755 -235 -288 559 559 -230 875 792 314 -888 -160 408 603 -644 -987 337 -188 -896
459 590 189 846 531 -849 -159 -305 -446 977 409 -669 862 -3 837 -730 -444 548 -477 -815 270 421 -686 21 -703 74 521 -849 -608 -272 109 890 -496 499 906 -835 -712 -957 156 -196 -181 -304 -409 145 903 346 -220 871 574 3
-585 -593 41 -519 -923 725 -173 419 982 982 -169 -579 169 962 -474 503 758 148 900 716 -842 429 217 -976 -950 -671 -654 -729 242 35 -911 895 -399 60 -235 -872 231 -329 162 64 -357 999 522 -387 -727 298 -793 -33 -409 357
-806 250 883 -88 435 -222 -911 636 573 297 84 800 -250 50 964 -838 -24 620 822 -633 432 -558 858 439 431 944 -837 -960 155 379 -27 -426 794 -975 -289 -821 107 729 911 158 297 -427 -642 -446 -415 -456 -971 -176 -480 -348
850 -861 197 767 891 535 -637 -297 -821 681 -20 -407 -732 384 -239 -922 -117 -72 -964 -490 813 432 319 747 366 -648 -956 196 -547 702 155 706 -107 -224 967 -351 -918 -631 476 558 -924 -308 308 596 -896 283 -235 830 -410 152
806 -879 -695 -206 867 -380 -819 667 107 381 -940 -254 231 -89 879 -423 372 760 -176 -638 -489 314 -969 -699 -683 -341 -358 -857 -259 -63 271 855 -492 -59 -384 -507 -848 408 -152 -892 -590 723 657 -10 594 -266 223 984 919 -818
682 -932 -850 -125 955 513 -422 -839 827 -896 106 -407 -374 -380 133 582 482 -409 -911 260 -531 -569 -984 49 452 916 102 706 923 -287 -422 178 -754 175 -30 297 913 -413 -831 586 956 -134 -189 92 -333 993 755 -875 360 761
542 898 301 -723 -978 -381 699 735 864 600 225 582 669 -689 -134 -7 -715 -107 -741 -854 791 84 -669 -672 254 -728 -49 -675 875 342 293 53 -455 315 14 790 -60 -467 585 -303 -734 -727 -804 70 -852 -867 314 -448 -842 714
-936 719 -748 -227 -687 -310 805 826 449 -64 285 540 -549 -528 769 -596 -487 144 -245 218 -542 542 -936 72 -328 -533 796 605 -593 756 -467 660 502 1 -153 -672 -195 260 -156 -996 783 723 532 371 -425 377 380 325 549 11
-994 98 -87 -493 789 283 -605 -841 249 884 341 255 -900 554 309 169 824 578 600 -828 -548 482 994 -179 -816 -239 584 956 -254 -546 -517 488 -101 270 -39 -967 -168 96 -76 -63 778 -874 292 420 946 -65 916 38 198 -211
-713 172 419 418 -761 144 -509 100 -656 -392 -340 199 960 959 -735 -838 -107 -175 -577 382 458 -199 623 409 815 -831 292 -94 578 -310 -271 -597 991 -338 -252 819 -558 623 978 595 -141 -686 -882 468 348 -922 -832 -107 770 -706
-944 693 -118 -255 -872 423 -805 -979 -118 -479 -790 151 620 -611 303 792 111 -459 616 -463 -849 935 -307 -647 -477 -326 107 -477 288 -95 376 324 -750 684 786 252 205 966 736 848 942 710 678 710 586 546 565 461 372 546
962 385 653 219 -132 -32 159 408 766 -188 -967 876 -351 -124 515 -590 -9 -200 -581 889 808 585 -983 267 -731 226 -994 146 153 224 -579 -127 918 -484 -831 -468 836 147 -442 -381 -753 -398 676 126 -903 879 -683 -526 -308 -248
683 -304 -483 -559 531 -458 785 -835 -803 725 889 -412 -944 -612 -69 -957 960 -8 699 -160 -320 369 -955 676 -938 916 -786 -324 630 771 -989 -227 476 450 534 -226 -570 -446 -763 -652 -231 299 -639 39 -372 -126 -1 -561 925 156
50 100
439 -585 422 4 147 -468 -579 830 -492 251 411 281 953 -462 172 780 -833 168 569 856 559 437 -269 722 -377 641 434 621 -649 -202 -763 97 680 939 -290 -748 -616 -542 -267 243 668 -44 -607 -279 496 -785 327 318 366 296 -198 -648 130 -42 -31 823 875 752 138 -422 -98 -58 -381 247 -474 -904 567 -317 -457 -515 374 -15 -543 -769 763 -771 354 138 573 -871 -225 -995 39 -295 576 -213 536 927 527 339 -234 -818 -499 -417 872 834 786 -489 39 911
-261 -444 901 279 642 -588 782 -995 -392 22 -25 -276 -866 -346 -946 698 -24 -85 353 134 -871 106 -443 -650 -724 -370 357 -243 965 -650 333 -401 663 -311 -874 986 318 671 -919 -321 17 525 -7 682 -197 -629 -480 -204 -414 -423 -390 279 -809 -579 -24 -569 544 439 -335 143 -991 -114 -896 -96 -742 -625 370 -862 -299 -198 -92 588 -697 830 -174 657 711 239 -995 124 -512 911 554 -186 -56 -63 -436 481 -50 -971 -391 -537 858 642 -55 -667 997 -659 -453 489
-343 953 -747 -551 741 254 -362 421 -896 729 -932 -877 -712 -585 -260 693 158 -157 -124 526 -598 -927 -684 -175 -955 -386 -283 649 -201 637 909 32 -502 -400 -481 472 -153 310 -445 -119 -130 -805 199 -996 -343 -646 329 864 649 -742 -820 652 -20 922 -505 -938 87 -433 723 106 -709 -677 -462 53 506 752 477 -565 -206 90 857 343 268 -247 -45 430 -414 791 -392 905 -187 -65 -610 840 -268 275 239 190 -104 905 -827 847 944 -647 150 -160 -306 904 -947 460
594 239 -278 -665 650 -829 650 -841 -322 615 -459 -679 -208 818 937 -347 734 865 184 683 644 126 -397 -817 -961 525 332 -207 344 -974 -452 962 43 -575 579 -896 -700 545 329 -828 -476 558 -856 -882 -760 -151 80 -908 -417 -704 15 -295 -917 -52 537 509 204 -353 320 729 679 680 301 153 666 -668 -205 -715 -108 181 -975 969 57 229 669 69 -112 707 -527 -875 -171 -436 -579 743 -103 -576 -847 -792 -588 -21 -943 -54 -348 947 577 -349 -711 55 117 -744
-531 -979 838 -948 -572 943 248 608 617 696 -411 -514 351 -586 769 -649 -380 -547 -642 640 343 -391 -331 609 -390 269 -715 -726 -636 -311 68 -217 -550 995 518 -816 624 844 233 -262 -233 484 721 -992 78 -100 922 383 -241 526 -74 -746 -394 825 -607 104 -14 737 -804 -350 928 -628 95 -912 -855 141 650 -541 -553 -425 -744 -795 -622 -147 644 972 -361 -331 446 932 353 252 -914 -987 524 -571 183 -541 850 -837 266 279 -392 7 96 458 226 -352 88 -168
-698 473 218 -729 299 384 151 436 252 646 157 -755 -801 -337 659 -574 16 -40 771 -413 -711 -630 -530 207 -804 607 870 -224 -8 -665 610 -753 952 149 26 517 -372 -404 813 -349 -918 398 -964 195 -893 202 347 766 -58 -782 168 -320 -841 282 933 840 -371 -776 -604 -930 -456 465 -845 176 512 -299 -914 -753 666 -126 938 -972 -214 -408 -257 76 -926 -31 -816 583 313 824 185 602 -547 -914 -336 1 -182 488 66 459 -109 672 -73 429 -560 -288 -103 473
-797 -509 963 288 322 575 -36 759 406 -618 624 -615 -221 -577 -183 679 -398 -666 -762 -847 -164 -224 -555 -308 -316 661 585 470 -464 740 440 440 696 325 515 -192 -64 749 -232 -449 290 -204 -584 354 -930 88 -19 -471 -13 679 843 -3 -345 -537 292 -263 -580 -452 363 318 -974 101 29 646 -978 -690 826 471 -416 687 687 -413 -319 -905 -50 -933 -739 -319 439 -315 -348 -19 226 518 -869 322 472 -473 285 -47 126 1 781 -228 501 -923 -488 933 -199 -265
-288 -496 -486 59 51 234 -400 717 -150 615 -802 256 605 895 -245 635 568 810 496 518 -837 6 -375 -855 290 200 -710 -13 -602 -112 407 189 595 -582 468 0 517 -700 622 -544 -27 -838 75 970 233 177 291 590 -740 457 817 -68 -949 7 557 -568 369 349 -515 178 639 -872 16 585 397 693 -204 -72 440 825 -685 -733 695 -176 780 857 -527 736 118 -475 457 984 760 -702 -869 863 183 -834 412 -356 -617 70 -843 17 -321 995 952 310 -851 -51
-422 966 -442 897 179 -536 -699 265 443 219 -40 -42 -730 -82 308 158 402 -168 -661 -18 764 -356 -735 398 625 126 798 -500 -426 925 -532 -722 722 -435 -673 -425 -865 -853 -229 834 742 -326 -690 -283 368 -946 -995 553 119 335 413 -508 -432 -356 -308 492 -991 -719 -813 533 57 746 -691 28 -251 -184 984 -462 -746 496 543 -855 -552 -829 -353 -468 154 53 -874 441 712 934 -248 -951 17 -692 -740 -981 -430 -371 954 -746 271 694 401 -370 -226 -912 -513 -986
875 -954 -763 -325 -382 978 -746 783 573 -626 663 424 -565 -194 316 168 17 768 -128 -407 327 419 -715 -506 388 62 -674 -679 966 559 -864 417 -947 -320 313 -147 279 -475 404 742 961 -627 -702 -845 641 380 873 -454 907 579 -343 469 -333 36 -521 -968 541 777 923 -792 -747 837 -132 -139 699 304 -457 523 -818 776 -393 -670 -44 189 -281 -567 -209 -651 -175 -459 -367 -388 -870 796 232 959 -797 -193 271 376 -406 -353 -33 -279 199 594 -498 764 -17 223
384 734 -151 -697 -286 -341 933 -568 -291 -323 351 -807 -104 -84 -596 848 -836 526 899 -696 383 372 157 80 841 -823 798 -236 963 -444 -187 176 933 -754 214 -763 -910 712 97 -382 761 886 -987 -256 303 -504 -388 -877 256 211 -979 207 413 559 -976 160 -228 -838 987 41 -619 951 633 861 198 361 746 -537 -472 -732 248 450 751 -789 385 789 -193 -853 173 -551 -505 980 181 791 -317 400 -615 888 -524 760 79 492 -556 -763 -646 -833 909 -431 653 359
-691 443 -412 942 9 -383 35 550 -150 666 360 -844 -557 649 -991 437 358 -457 713 886 -869 -378 296 963 447 223 -948 784 214 -918 980 -676 552 530 174 672 492 339 820 -248 -467 61 -510 -132 -112 -46 -863 -152 302 -472 706 853 -449 -588 896 -81 297 309 761 -610 692 69 -230 603 -490 -843 -498 -393 -597 -711 -433 -760 542 279 314 546 -76 330 917 162 420 -399 417 -276 536 312 -911 -694 -479 813 820 -826 -849 -445 836 430 255 617 853 -338
-101 628 -563 534 -992 -64 -128 732 -896 -986 394 834 732 -697 973 533 665 -684 -820 416 -895 164 -312 -85 -159 184 -936 -558 654 -318 -770 132 -307 775 -382 -319 -54 71 -438 302 17 142 -443 583 596 -9 -197 -530 -388 440 -700 291 660 -474 -353 -258 -298 673 159 -318 -428 -799 768 437 -238 846 -499 471 766 352 905 343 226 -294 995 -633 -205 487 4 -67 392 -874 -916 491 379 -512 -395 784 -731 373 -347 -63 56 -190 -17 -987 555 -396 662 63
-327 805 703 -594 260 217 -563 448 -714 3 263 -689 139 -195 -641 -973 828 -290 789 311 -740 -484 -921 -651 251 -5 456 -249 174 777 -246 40 -498 -379 -849 -607 483 705 282 -426 -445 -389 137 -493 -896 -352 -981 40 724 380 509 -642 -165 978 -71 -304 -519 -658 714 -204 -465 -921 564 813 -101 -941 418 935 62 712 -75 -563 360 -843 -856 232 -256 252 598 -615 -898 984 -593 -564 -60 -390 293 187 -881 944 474 -750 389 459 -539 -149 -142 -201 239 -711
125 141 849 -290 730 -824 -497 -557 953 679 -563 -217 812 -350 -308 197 970 -683 -852 -523 -320 4 265 -571 559 685 -614 -649 -218 -896 -170 542 226 290 513 -901 439 -919 354 -988 -178 -125 -836 -781 -770 -708 413 852 260 -502 962 -177 994 11 398 664 -408 705 29 -831 -332 179 713 475 -94 -112 228 940 -310 172 766 100 890 331 -667 978 -641 -637 230 164 -182 97 985 288 -832 -256 749 482 886 -894 -749 -870 258 190 -546 230 -255 -296 997 948
137 -291 564 -173 -970 294 704 0 738 -939 383 -202 -569 137 -326 -309 -286 -579 284 -254 336 -907 222 676 -887 227 -844 -32 49 674 -383 -235 611 -608 538 -561 589 -716 -896 -740 211 837 -935 -891 -808 -565 822 263 826 -982 -236 -272 463 608 800 877 -908 -771 45 -160 293 -418 898 273 231 -453 -387 -637 843 869 475 369 74 -804 -773 733 -852 -700 -116 781 95 -847 -235 -814 352 159 157 639 -835 -760 21 603 347 -623 -481 415 313 -328 -722 657
-353 -352 696 966 281 787 215 435 -303 -853 953 -382 -472 367 817 -909 -882 477 566 -297 22 -439 643 173 300 315 935 457 403 181 -245 -86 -20 -831 16 756 313 -121 -532 -932 -254 -559 489 -230 -518 -186 118 -468 425 518 852 819 -731 90 -828 914 -468 -70 -85 -317 407 878 -456 331 -237 -242 -425 142 -370 -827 -141 -780 -326 639 934 985 979 -359 -892 -314 -732 678 -44 -311 -374 488 -929 -318 -527 620 -382 -148 896 643 975 -881 777 668 -338 -520
-350 -825 -90 -350 -329 -339 -254 531 -209 -241 -807 456 -540 -441 -457 -973 -686 -371 -574 614 -717 -691 662 -248 98 -840 209 -363 -646 -731 582 178 445 788 360 905 880 334 -811 979 438 -170 671 -227 104 -28 -841 -4 113 -520 -691 838 179 -352 317 116 -927 31 -592 -942 -317 -492 -220 471 -811 -446 -810 610 -929 -648 -380 -728 -611 -252 153 -757 67 -323 627 -775 691 -257 -345 518 512 -989 -671 649 745 138 152 -643 -936 325 807 -698 -611 -96 58 220
-711 -659 -631 -112 3 61 -533 901 -261 -161 425 567 -886 -62 -562 237 926 55 -699 -244 818 527 746 635 -936 462 -361 764 343 -328 -877 -129 -870 -67 693 204 965 -495 991 26 773 -611 -148 -582 -347 -318 338 -190 -56 895 313 319 -829 -47 260 471 942 -562 -303 166 -371 411 813 503 570 -332 -825 -961 -577 446 -110 -224 -692 966 -884 923 -410 -418 269 -944 -890 -142 304 -328 -321 -432 65 566 -230 -433 -25 148 899 -901 -954 -361 -194 368 -860 822
-574 -295 528 475 -490 726 -739 708 -77 144 -312 722 -982 -587 -120 -510 -576 -768 -847 -696 386 563 -818 472 -187 462 322 343 953 481 677 -600 369 803 -534 281 -606 267 -486 580 518 -774 -625 413 429 13 819 -773 699 441 -725 -152 -512 -655 -166 -404 -355 -987 -535 -21 -780 856 -813 24 96 -781 927 843 -505 846 -597 -323 887 -107 -336 -149 784 -758 -593 93 11 -399 163 -79 92 429 -312 -735 -127 87 81 -261 -7 569 70 919 -946 -352 411 -705
-152 896 -685 -205 599 186 -601 954 701 452 -953 -444 -550 -65 222 -417 804 -64 197 980 142 943 483 -16 -715 459 40 -776 276 -220 689 -89 -714 -484 4 550 -148 -770 74 333 -136 376 338 829 -208 -282 855 9 393 -929 -724 -888 -27 -406 255 -388 -653 -960 239 -417 956 496 495 -258 434 -59 -51 -188 -952 -715 -682 735 108 -490 -543 -270 249 155 171 969 916 378 315 137 -927 -892 146 -559 658 -576 -452 -747 -116 865 -548 -546 593 235 834 -737
801 155 -472 -490 846 730 -492 638 -667 973 868 652 46 701 157 -877 -831 235 746 -479 59 23 533 853 636 -625 832 673 297 356 874 -727 354 -754 272 -781 -905 -230 -933 102 144 524 776 -61 -284 -661 976 -6 511 113 -67 395 -495 66 932 934 -416 -590 827 208 -26 -236 586 855 -31 599 821 -539 318 -942 -273 36 -112 -201 933 -691 60 -501 -433 -863 -892 -155 -738 229 -815 521 225 270 -217 -465 24 599 -212 -59 -176 -501 249 -342 795 -827
-127 644 634 557 -967 -258 186 -125 347 -55 -640 36 859 546 -638 605 465 243 -150 -981 752 677 671 -977 -75 -246 818 -651 -179 74 -50 -505 332 -19 675 304 -165 -692 576 -300 761 727 817 860 -647 165 -506 -839 -862 -982 688 118 -832 -71 -72 -620 741 209 301 116 -331 -443 -306 509 -7 -34 -258 -221 34 870 -372 674 -952 -693 -701 984 24 -425 893 -726 730 190 -704 721 491 78 -924 -108 484 -557 -619 222 937 -342 -813 800 -293 823 -11 89
-55 -886 -303 -108 54 53 817 805 -509 -988 845 -916 -664 -680 588 -145 -209 -206 -548 -890 716 905 933 787 -357 75 238 -392 -72 -15 -104 -834 701 332 16 137 313 -719 -577 119 -825 -708 676 -225 -928 -591 -339 -414 313 -190 894 324 -886 -775 -931 -720 -822 -233 -315 659 -16 -98 287 95 837 -631 -149 86 241 864 281 165 11 903 -620 -566 -283 -627 -517 451 480 -809 -213 936 -639 -285 634 863 596 -990 978 -951 -528 678 671 713 -502 449 -882 698
306 703 -476 499 -803 641 929 -167 -669 551 -637 -99 912 -152 366 -249 -431 -795 750 -244 454 966 -144 759 651 156 -165 480 532 -420 -889 576 -396 834 715 90 -137 908 -344 220 -515 760 -31 44 405 -73 857 656 -472 -317 641 -141 913 543 431 419 -545 -465 -227 278 817 812 904 -267 -79 -591 85 -34 994 -432 68 885 -983 -432 217 -158 -971 979 -531 635 -363 34 638 294 -944 -180 988 365 586 320 291 432 337 -160 -105 -361 -432 -365 -894 38
229 -657 661 672 145 217 9 -45 -726 -558 -364 883 -603 -390 -197 901 -101 934 583 -981 936 16 -50 153 50 481 837 -899 929 39 668 457 -577 451 747 -132 -217 865 630 866 828 128 789 -868 498 -695 321 -619 -619 896 -166 -966 769 -600 131 -521 881 -601 -521 744 392 -86 694 -890 -774 -981 159 -475 350 854 -651 185 497 338 474 -512 786 -438 -824 90 509 -242 -29 501 -776 637 -351 245 506 686 -284 -517 147 574 -79 227 -226 -397 -467 -465
273 -886 765 -256 -927 -971 590 -321 -509 -739 -682 -721 -934 -658 -349 -476 -459 988 278 106 961 -575 803 -723 783 288 -891 551 -685 -462 -441 -610 280 -754 -80 -957 931 596 773 54 -444 568 -371 -492 -995 881 -37 506 -324 784 523 -91 345 -964 474 -11 -410 -142 -646 473 224 826 895 59 -468 -241 681 51 344 335 750 573 419 358 551 -321 764 5 840 -512 -413 885 -257 -782 -455 -245 -854 -720 -694 655 389 -691 884 -804 297 891 -80 257 -613 -817
199 -357 -936 -796 -344 706 265 708 184 -737 145 -173 -582 -803 -878 474 -715 444 46 -35 712 833 68 151 967 -244 -83 788 -846 -909 -826 -46 -565 202 894 379 -603 166 -77 858 -21 367 -160 496 317 373 -879 743 559 759 -859 991 -197 -986 -295 -251 -807 -428 -771 968 447 -441 -683 -900 760 110 -185 3 -800 572 -17 926 971 11 -387 253 -873 963 -253 139 95 185 207 -263 500 395 190 -885 876 -237 -405 603 266 624 -529 -177 -64 -439 -974 -14
53 -573 -336 124 -387 184 -858 -119 -185 -115 699 -399 -250 48 71 -537 298 -1 417 -199 -351 -116 633 -751 916 -530 748 547 632 834 -862 413 922 45 114 -504 794 -685 -945 994 437 -455 -744 -895 -242 492 156 836 -759 -917 -475 709 381 500 -270 126 138 592 649 878 189 -433 -755 536 -930 -754 765 -175 -955 350 514 -472 195 -251 -505 689 -520 576 -867 681 -170 228 510 219 -190 -927 483 -129 -485 580 816 -653 518 -446 738 -578 -736 -569 -522 -123
-650 -23 58 -170 -782 -269 273 175 844 -834 -227 459 182 653 -40 336 457 655 -674 514 -905 921 603 -554 851 461 676 836 -444 -877 -431 -994 497 -754 706 -445 -786 431 -556 -468 609 -664 -865 629 276 -950 -866 705 460 701 -348 -342 -157 622 703 -126 663 565 -393 -782 -192 -423 590 -512 522 87 747 988 -206 -810 209 519 -315 194 267 484 -576 6 -288 -504 -389 589 -973 -860 16 -831 772 -189 -18 707 -319 548 675 971 956 566 335 -924 321 -353
-356 811 -454 -433 734 -822 358 94 -154 601 466 -617 778 518 -995 -303 -311 775 936 -865 75 520 435 550 979 -771 951 863 152 -279 185 -729 -211 -582 -129 -376 76 230 -174 -932 -504 645 246 447 -363 -923 -285 796 287 178 -364 214 784 -994 334 -530 -743 -96 -423 -691 614 -825 -460 -856 176 560 242 608 776 -60 184 98 14 -337 -438 581 482 -828 571 -854 585 -74 -495 425 -192 199 -30 -942 128 -338 -555 -770 489 649 141 -902 625 -357 353 -830
-985 959 657 -315 315 531 348 -889 -19 788 556 -781 442 -29 -378 -417 465 643 606 -659 -354 578 -126 510 -365 154 792 -387 -505 517 57 -226 645 536 712 -900 -673 -535 -278 322 699 -35 42 680 479 -960 -59 724 -353 -960 318 -582 -323 645 -543 913 445 -290 12 392 -527 -356 90 -468 -167 396 -321 73 836 256 781 -21 500 760 957 832 708 -257 783 840 300 -809 -661 663 519 625 979 229 -663 -355 -343 -56 -181 -654 -385 904 125 -814 435 494
88 960 -821 -209 -75 553 423 -664 -734 280 -837 961 -418 546 -589 710 -197 749 -856 687 188 -552 317 639 813 -971 -693 666 -186 -625 -33 956 70 428 683 525 -941 -832 -41 -785 915 -774 349 908 -907 -105 671 297 -83 -656 -186 943 -997 931 -781 632 63 -33 -662 -379 462 735 -175 -907 367 -445 -453 499 808 352 -661 -490 -106 -349 -529 -11 858 -996 -339 308 517 956 756 -630 -756 310 -493 349 668 -675 132 61 -507 -394 192 646 -745 690 -13 621
382 -626 -31 946 -896 956 786 -25 -32 -705 781 4 -27 736 946 -407 537 -23 -297 26 -809 -168 -185 -848 838 -96 -542 -138 -234 592 -286 479 240 241 -104 -345 -480 -975 728 -56 -806 -669 -420 278 -745 -889 684 -297 672 -955 -632 701 581 875 945 736 909 878 492 -106 906 434 -167 863 706 406 -371 -707 -57 390 -337 -294 645 -373 -296 -826 120 -933 806 -204 -520 596 -582 -94 -270 -281 555 -132 -704 -972 703 -383 694 -39 -267 -686 -223 916 -813 660
-644 -899 -87 641 21 -209 899 -550 -989 -489 -264 550 127 -656 882 474 707 777 141 -792 808 -581 -379 98 233 -872 913 944 541 50 837 -369 -497 -839 -725 436 -9 136 -800 207 698 911 -276 -714 -53 727 -968 136 -604 -936 -967 -777 -872 210 -468 -115 -804 -267 -711 -483 -665 141 -366 853 799 821 524 -644 -174 730 -459 -884 -195 627 -297 368 952 740 -980 -699 636 -909 886 -286 606 -827 897 -549 -941 387 909 547 -152 -952 -849 498 -479 -712 -336 54
426 737 628 -284 396 -30 761 -785 -2 639 797 828 -685 -307 793 280 354 676 -181 463 103 -884 848 -344 -885 -971 115 74 -840 -843 -392 210 -631 -204 396 533 266 -712 -539 -420 -921 -578 -407 914 -373 302 -763 137 753 645 503 290 389 -113 308 -739 241 -744 656 -940 -698 943 225 -800 -512 301 -959 -655 -971 512 -940 -89 -757 445 815 60 338 -820 781 -477 797 633 -458 95 94 -649 865 502 970 555 -999 49 175 -508 564 248 -997 -537 -701 -610
547 791 578 -494 574 802 -657 -422 -240 -583 -600 -995 91 40 -203 -113 708 25 -478 461 18 680 190 383 -698 -88 -67 -825 500 176 992 143 99 -842 -134 -581 418 -131 804 414 977 -428 583 -65 -127 -215 251 -571 -11 -451 946 231 -20 -533 990 -318 233 -696 -734 -475 -992 -678 -617 321 922 -572 57 -384 -646 572 -994 -199 793 340 567 -324 -415 -989 -186 256 -397 834 996 -916 -70 -375 692 289 323 -655 -139 401 757 331 882 619 -364 -62 569 -684
-426 -58 401 -552 -348 836 769 529 -552 -132 416 -966 802 -822 386 -237 931 -360 69 707 468 619 289 -314 -55 937 389 -805 223 819 939 954 968 -278 610 207 143 193 -449 805 433 569 411 -776 -795 -377 -786 163 822 -289 -814 -843 906 626 -716 329 -592 -207 -277 -48 8 -507 44 577 -402 695 -813 686 -854 639 736 930 -439 41 735 681 208 354 650 -861 811 485 -982 454 764 712 -209 176 963 -996 -118 997 -336 632 904 -268 1 -78 318 350
768 -73 187 -305 -982 460 679 -157 -105 747 566 -405 -596 -286 594 -580 -398 -61 -79 -727 669 -277 18 935 845 681 220 901 -288 -585 -663 708 650 750 -692 -588 53 488 624 -585 -969 119 148 929 433 -90 99 683 222 884 -152 -516 937 -931 580 879 758 143 -746 578 198 458 -695 644 -543 -323 400 214 -924 -352 775 -70 -499 399 583 -535 -584 571 -387 121 -908 -277 -735 -31 28 -272 995 432 -329 -52 690 328 899 -470 -302 -396 -158 -753 454 223
-789 411 -870 34 -178 877 30 -148 -366 -64 -435 223 482 980 18 954 103 -353 968 841 299 173 -635 401 543 291 -439 -427 -466 -170 -791 427 -917 -606 -528 152 -773 -517 -21 -345 -407 -487 188 -196 -485 329 -224 -805 -740 374 -94 481 -863 -902 -257 571 102 -963 412 761 -964 -421 -56 -799 -200 413 -508 -718 665 777 963 -897 602 -642 -230 176 169 146 -42 -582 -803 -60 -343 949 731 707 -659 -892 -58 772 -454 225 325 935 -686 -377 905 -737 -52 -631
208 -742 189 689 -254 77 -773 26 82 712 674 -552 -538 -41 -488 -582 -132 -967 774 299 -263 575 740 12 686 -679 129 -580 327 -498 -599 -616 -701 86 399 -310 527 720 28 -289 743 -833 560 -395 914 379 -786 -823 -92 555 -201 78 434 -528 765 414 -974 123 -183 -106 585 389 -287 -940 -686 627 -729 -238 426 -385 -786 885 708 991 31 -311 373 -933 36 -209 -974 471 515 -782 238 231 -579 636 -86 562 790 521 -519 918 -287 782 -456 -309 -547 671
417 644 995 703 957 415 53 -906 412 504 111 991 457 -362 448 49 985 -465 -921 -745 -546 -249 -51 -40 -36 -125 270 -66 -620 858 454 -655 667 -143 177 138 -16 -672 -309 -229 292 -370 618 -532 114 420 680 724 -5 841 915 479 125 -58 -816 -443 79 -498 -569 -103 -138 -826 -967 834 509 -387 -897 632 -7 985 -757 -4 734 -501 699 -157 115 -768 -461 -636 838 878 609 79 411 761 -890 -377 425 -744 -794 -88 -618 517 858 118 -366 311 -55 723
754 617 -628 917 -726 12 -852 530 349 294 517 -615 -969 -610 -494 -799 -333 -470 30 -256 -343 -234 149 874 513 803 332 210 -877 -400 649 983 -37 959 785 926 -679 -947 -777 650 194 648 875 394 -490 407 -342 788 -719 750 86 691 926 -282 677 71 -838 199 345 -748 969 405 278 -225 -234 691 59 949 17 513 -8 161 166 -728 563 277 511 -516 877 465 -679 604 866 244 16 -818 595 -91 784 -690 -438 -273 -688 739 -379 -794 -515 -111 398 709
-550 145 130 -630 -823 578 977 -917 806 691 -508 -248 48 513 731 994 367 670 -827 -776 -374 896 -292 -47 -607 805 -327 994 -597 -738 -26 -414 171 398 669 -980 -112 -348 -535 -322 -892 642 -576 -188 -501 -219 435 -41 -707 881 -266 301 87 -114 -133 745 -794 198 170 -509 282 -284 -381 -283 -445 -885 -602 316 216 527 -118 194 646 -76 -751 277 -858 996 606 904 -517 322 -317 -554 352 -331 -286 -628 -719 -837 -969 -272 244 -118 692 132 931 -586 -220 -891
847 148 418 854 110 -178 893 626 677 208 -589 926 -220 45 -274 415 -715 -88 -672 -364 779 795 196 -276 914 -628 48 998 762 999 -762 694 -872 53 361 -949 -483 -173 -753 953 688 225 -791 -799 387 -584 516 241 611 165 -298 650 -443 39 805 -891 -169 -386 -587 -145 -715 514 164 774 528 -51 -560 30 -227 -5 -709 -440 547 69 -524 -893 -738 280 -942 211 -168 626 -188 790 834 972 -454 -260 -73 -458 -181 655 751 186 -972 933 -671 -580 791 -298
-260 839 242 -234 -762 521 -250 658 359 -593 -905 990 -904 -813 281 -789 -592 -494 819 -47 -62 -801 -250 -7 353 728 273 95 434 -672 -721 -283 766 270 666 -942 782 -965 -155 -315 103 545 -513 944 -461 215 641 -486 -408 691 -123 -135 87 425 186 497 -911 -215 -482 309 52 651 -390 -284 -796 228 503 -459 435 -93 -401 -158 -489 -107 548 479 -304 749 -496 -429 -579 -652 -577 26 -541 811 -714 -372 -353 -588 46 -768 -112 -919 -222 868 225 979 392 -184
-445 527 -144 435 -120 154 715 -433 -509 642 -282 226 -479 562 312 893 -892 172 -473 890 864 -786 -935 -11 -470 -2 -947 -776 -996 675 -631 -223 66 524 308 454 -389 -219 -621 222 158 207 435 -988 -930 -491 -905 -344 -292 18 788 -456 539 -241 835 604 -208 -959 -998 -566 44 -231 781 -51 207 837 851 715 -129 -80 795 -62 789 727 -301 -56 -153 544 860 506 550 -236 -355 -190 -241 316 -734 -527 -980 510 -768 -584 990 -77 66 903 -766 -905 109 -742
892 -718 385 564 -753 412 682 -412 512 -330 -532 160 305 -491 289 274 878 304 -529 457 -371 -461 987 664 744 147 -639 -802 321 776 311 -640 -690 895 342 503 613 862 893 520 470 -30 -814 -999 495 -345 -930 88 -85 -459 744 255 951 487 114 880 582 28 -435 842 -867 884 -967 259 -109 -211 187 -872 88 -675 -367 272 74 -762 -308 -728 -598 -735 -950 -81 -80 975 881 471 -64 -771 459 -785 461 -466 283 -81 -812 -618 -684 783 523 -497 76 553
432 -127 402 -16 -132 -794 -443 -636 -764 541 28 563 488 254 740 -340 -883 -531 -625 -184 353 954 852 -111 540 -374 327 304 919 -978 -902 58 793 -64 -970 -254 -255 -514 -242 913 -309 -85 604 -441 493 21 -200 180 507 258 -42 35 964 -598 -607 -712 930 -34 190 692 826 251 -292 589 312 512 384 375 -427 83 -276 -388 -169 -536 -147 67 -734 -875 -314 -936 278 -819 871 957 -265 687 -687 -751 -147 787 448 846 -999 164 642 71 968 226 -158 390
-688 831 -973 878 -482 -158 701 -801 -461 937 598 466 792 -314 -43 -50 -477 86 -541 816 -611 -522 709 -735 -853 -881 -484 -124 -213 998 -19 458 -354 462 60 -925 -664 -103 -380 465 -506 81 -583 596 -128 561 -388 -189 235 618 877 -57 712 869 -829 678 -701 -784 -61 -17 200 544 -996 -849 -537 -760 580 832 -551 879 -13 839 -766 -864 -16 -12 -986 889 -279 -49 579 -797 -667 686 -475 410 498 -526 -613 589 -5 -415 243 -739 185 854 38 282 999 433
