1 100
-99 -11 -97 -49 -87 22 14 54 34 -49 -47 -16 41 46 67 -49 -6 86 45 -11 -81 -12 76 19 64 -23 -36 72 -81 21 77 6 0 96 86 22 91 54 17 91 -75 46 -98 4 -68 46 83 -20 41 86 -90 24 -17 -32 94 -41 -41 35 -36 69 97 -43 77 14 38 -8 -94 76 22 -15 -71 -98 -28 8 9 76 -12 10 71 -95 -7 -52 78 20 59 3 -55 -13 -90 -54 -28 10 -20 -56 -56 11 19 37 83 -23
100 1
27
-91
-85
-76
37
-15
-68
-56
71
-26
10
-35
27
12
-53
-84
80
11
-39
-60
-83
35
-66
91
-82
18
13
56
32
-62
-51
-85
62
-35
-42
50
-50
57
-82
49
-38
7
83
-67
-99
-96
57
-65
81
-76
55
99
36
76
-68
86
5
-18
15
-40
44
96
64
-67
43
-9
-94
-77
-42
-47
-1
-7
1
-53
76
-60
92
53
-69
35
-54
1
-68
-77
8
22
85
79
44
-28
-9
86
90
59
0
-85
31
7
35
43
