200
1.000000
1.300000
1.690000
2.197000
2.856100
3.712930
4.826809
6.274852
8.157308
10.604500
13.785850
17.921604
23.298086
30.287512
39.373764
51.185894
66.541664
86.504166
112.455414
146.192032
190.049637
247.064529
321.183899
417.539062
542.800781
705.640991
917.333313
1192.533325
1550.293335
2015.381348
2619.995850
3405.994629
4427.792969
5756.130859
7482.970215
9727.861328
12646.219727
16440.085938
21372.111328
27783.744141
36118.867188
46954.527344
61040.886719
79353.156250
103159.101562
134106.828125
174338.875000
226640.531250
294632.687500
383022.500000
497929.250000
647308.000000
841500.375000
1093950.500000
1422135.625000
1848776.250000
2403409.000000
3124431.750000
4061761.250000
5280289.500000
6864376.500000
8923689.000000
11600796.000000
15081035.000000
19605346.000000
25486950.000000
33133036.000000
43072948.000000
55994832.000000
72793280.000000
94631264.000000
123020640.000000
159926832.000000
207904880.000000
270276352.000000
351359264.000000
456767040.000000
593797120.000000
771936256.000000
1003517120.000000
1304572288.000000
1695943936.000000
2204727040.000000
2866145280.000000
3725988864.000000
4843785728.000000
6296921600.000000
8185998336.000000
10641798144.000000
13834337280.000000
17984638976.000000
23380031488.000000
30394040320.000000
39512252416.000000
51365928960.000000
66775707648.000000
86808420352.000000
112850944000.000000
146706235392.000000
190718099456.000000
247933534208.000000
322313584640.000000
419007660032.000000
544709967872.000000
708122968064.000000
920559878144.000000
1196727861248.000000
1555746258944.000000
2022470189056.000000
2629211258880.000000
3417974505472.000000
4443367014400.000000
5776377118720.000000
7509289992192.000000
9762076884992.000000
12690700369920.000000
16497911005184.000000
21447284097024.000000
27881470164992.000000
36245912682496.000000
47119687745536.000000
61255595327488.000000
79632275603456.000000
103521957445632.000000
134578547195904.000000
174952103804928.000000
227437728235520.000000
295669038317568.000000
384369743101952.000000
499680655966208.000000
649584879599616.000000
844460363612160.000000
1097798472695808.000000
1427138041348096.000000
1855279440330752.000000
2411863312695296.000000
3135422225973248.000000
4076048786391040.000000
5298863288090624.000000
6888522489266176.000000
8955079289733120.000000
11641603345088512.000000
15134083919118336.000000
19674308880105472.000000
25576601114640384.000000
33249581663780864.000000
43224456377663488.000000
56191791572975616.000000
73049327756378112.000000
94964123506311168.000000
123453363135184896.000000
160489372934733824.000000
208636179661193216.000000
271227030123577344.000000
352595134006689792.000000
458373684516618240.000000
595885824231342080.000000
774651571500744704.000000
1007047029207072768.000000
1309161144841142272.000000
1701909447061798912.000000
2212482239948652544.000000
2876227035628306432.000000
3739095173804589056.000000
4860823808409337856.000000
6319070895956557824.000000
8214792219719106560.000000
10679229885634838528.000000
13882998961276452864.000000
18047898429757063168.000000
23462267518879531008.000000
30500947334738739200.000000
39651230435648733184.000000
51546600445952655360.000000
67010580579738451968.000000
87113752114832080896.000000
113247876869672402944.000000
147222240810183426048.000000
191388910414410547200.000000
248805583538733711360.000000
323447258600353824768.000000
420481429143585554432.000000
546625847331349594112.000000
710613626159814934528.000000
923797706970884997120.000000
1200937054246522585088.000000
1561218128299232854016.000000
2029583623083998052352.000000
2638458611492955619328.000000
3429996082350851620864.000000
4458994850761111764992.000000
5796693418579435978752.000000
7535701556743257456640.000000
9796412305241211404288.000000
12735336447173537562624.000000
16555937043555626778624.000000
21522718381802296180736.000000
27979533671163003666432.000000
36373394448051848871936.000000
47285413683187329007616.000000
