100
1.000000
0.910000
0.828100
0.753571
0.685750
0.624032
0.567869
0.516761
0.470253
0.427930
0.389416
0.354369
0.322476
0.293453
0.267042
0.243008
0.221137
0.201235
0.183124
0.166643
0.151645
0.137997
0.125577
0.114275
0.103990
0.094631
0.086114
0.078364
0.071311
0.064893
0.059053
0.053738
0.048902
0.044501
0.040496
0.036851
0.033534
0.030516
0.027770
0.025271
0.022996
0.020927
0.019043
0.017329
0.015770
0.014350
0.013059
0.011884
0.010814
0.009841
0.008955
0.008149
0.007416
0.006748
0.006141
0.005588
0.005085
0.004628
0.004211
0.003832
0.003487
0.003173
0.002888
0.002628
0.002391
0.002176
0.001980
0.001802
0.001640
0.001492
0.001358
0.001236
0.001125
0.001023
0.000931
0.000847
0.000771
0.000702
0.000639
0.000581
0.000529
0.000481
0.000438
0.000399
0.000363
0.000330
0.000300
0.000273
0.000249
0.000226
0.000206
0.000187
0.000171
0.000155
0.000141
0.000129
0.000117
0.000106
0.000097
0.000088
