85
1.00000000000000000000000000000000000000000000000000
-0.31000000238418579101562500000000000000000000000000
0.09610000252723693847656250000000000000000000000000
-0.02979100123047828674316406250000000000000000000000
0.00923521071672439575195312500000000000000000000000
-0.00286291539669036865234375000000000000000000000000
0.00088750378927215933799743652343750000000000000000
-0.00027512616361491382122039794921875000000000000000
0.00008528910984750837087631225585937500000000000000
-0.00002643962397996801882982254028320312500000000000
0.00000819628348835976794362068176269531250000000000
-0.00000254084784501173999160528182983398437500000000
0.00000078766282740616588853299617767333984375000000
-0.00000024417548161181912291795015335083007812500000
0.00000007569440185761777684092521667480468750000000
-0.00000002346526528640424658078700304031372070312500
0.00000000727423232760315841005649417638778686523438
-0.00000000225501195494359762960812076926231384277344
0.00000000069905370381206921592820435762405395507812
-0.00000000021670665262263355543836951255798339843750
0.00000000006717906092523762140444887336343526840210
-0.00000000002082550971949093110424655606038868427277
0.00000000000645590785691707580440379388164728879929
-0.00000000000200133139227620659994499874301254749298
0.00000000000062041273811083708089597621437860652804
-0.00000000000019232795152486492629151371147600002587
0.00000000000005962166659901138587862590156873920932
-0.00000000000001848271630688035072065389385898015462
0.00000000000000572964213983620344883274100311609800
-0.00000000000000177618902099757570642313275754986535
0.00000000000000055061858486254544424454149265102387
-0.00000000000000017069176342497145585155871039262365
0.00000000000000005291444599999666127156106032458638
-0.00000000000000001640347792912671997297285875205830
0.00000000000000000508507834000901795328767468484799
-0.00000000000000000157637432676182619317056289587331
0.00000000000000000048867602371857810313103640670329
-0.00000000000000000015148957303962592327268655081896
0.00000000000000000004696176725454312408030110815790
-0.00000000000000000001455814775197314043133541287996
0.00000000000000000000451302593235864424512455219144
-0.00000000000000000000139903807538189022857283517272
0.00000000000000000000043370179125148246666283757242
-0.00000000000000000000013444755831718544071416498023
0.00000000000000000000004167874333076297629211492160
-0.00000000000000000000001292041040098208644171515348
0.00000000000000000000000400532725585888300577216980
-0.00000000000000000000000124165148481499446673490388
0.00000000000000000000000038491195832049602163529069
-0.00000000000000000000000011932270609327763518067536
0.00000000000000000000000003699003913543509978757555
-0.00000000000000000000000001146691216279976004434419
0.00000000000000000000000000355474282439396405658930
-0.00000000000000000000000000110197031408072774528740
0.00000000000000000000000000034161078869834085129653
-0.00000000000000000000000000010589934040388453207905
0.00000000000000000000000000003282879696965166323493
-0.00000000000000000000000000001017692678975811717337
0.00000000000000000000000000000315484722207021402586
-0.00000000000000000000000000000097800264824572115459
0.00000000000000000000000000000030318082283696451924
-0.00000000000000000000000000000009398605719534883244
0.00000000000000000000000000000002913567661383850478
-0.00000000000000000000000000000000903205998538880665
0.00000000000000000000000000000000279993864689840791
-0.00000000000000000000000000000000086798098788534614
0.00000000000000000000000000000000026907410073432754
-0.00000000000000000000000000000000008341297007969783
0.00000000000000000000000000000000002585802020813166
-0.00000000000000000000000000000000000801598612102785
0.00000000000000000000000000000000000248495570469328
-0.00000000000000000000000000000000000077033623078801
0.00000000000000000000000000000000000023880423961576
-0.00000000000000000000000000000000000007402931428089
0.00000000000000000000000000000000000002294908737102
0.00000000000000000000000000000000000001294908737102
0.00000000000000000000000000000000000001194908737102
0.00000000000000000000000000000000000001180900000002
0.00000000000000000000000000000000000001179000000002
0.00000000000000000000000000000000000001177000000002
0.00000000000000000000000000000000000001176500000002
0.00000000000000000000000000000000000001176000000002
0.00000000000000000000000000000000000001175500000002
0.00000000000000000000000000000000000001175495000000
-0.00000000000000000000000000000000000001175494500000
