100 1
-157
-530
498
-197
94
-85
-112
128
202
59
-248
988
441
652
-65
-738
-806
565
530
-787
829
489
-328
960
700
390
236
864
-808
644
238
337
-827
747
-743
56
-766
-459
297
581
-707
-625
-245
725
969
257
465
579
184
-371
-652
-139
-705
845
-856
-315
411
-383
-870
-205
995
-23
943
-271
-858
-512
471
682
683
335
-898
470
-477
508
-55
-579
130
144
-577
134
-692
584
-761
352
292
-701
88
-575
697
-736
-84
-961
940
948
-458
-296
-775
-368
849
-210
1 100
120 -152 -312 -472 -345 -670 143 -407 713 594 542 -827 856 -804 -570 331 -193 -743 -419 538 -467 210 -427 -672 90 -957 -944 -283 -316 77 -62 239 804 956 647 984 590 466 704 -160 24 -66 253 198 199 -793 -137 219 114 -515 -585 -706 -29 -981 86 142 593 -851 333 511 -973 -83 991 959 188 -91 991 -60 -333 -126 329 260 -230 -616 802 970 -822 483 932 -450 642 -732 590 878 -728 439 -392 -771 920 713 -429 -308 489 -173 793 -707 -743 983 -127 -281
