100 100
937 937 976 919 959 981 908 953 906 992 906 980 968 921 972 926 900 919 921 915 908 987 968 931 913 905 934 993 990 913 952 948 910 934 900 917 931 951 909 988 936 956 944 980 985 978 940 945 952 994 995 919 946 997 953 967 963 902 909 965 937 925 994 951 931 997 980 956 963 958 970 957 912 934 901 990 977 930 991 971 950 978 990 913 997 955 992 924 937 917 988 961 908 937 967 965 917 922 982 995
946 959 988 911 979 917 909 906 927 904 951 906 969 945 902 959 958 999 978 936 919 908 952 964 922 905 928 974 966 979 911 992 941 960 950 951 975 948 994 917 987 908 986 951 905 993 985 909 912 987 951 926 957 949 994 982 904 928 997 995 963 947 916 993 927 989 998 946 967 987 989 938 980 929 966 939 945 992 981 993 930 998 970 957 907 937 963 935 942 904 923 914 917 957 940 979 993 976 943 953
943 908 903 909 934 964 985 978 933 969 950 900 988 919 932 914 926 936 917 949 909 903 953 997 979 956 933 990 935 984 997 921 958 984 926 999 963 948 946 934 980 924 958 953 969 931 907 965 999 996 914 960 943 960 918 954 900 959 977 926 991 956 971 992 978 970 995 961 921 915 928 932 965 922 960 984 969 914 902 910 993 921 931 989 970 915 980 916 905 916 966 987 918 918 960 952 915 924 926 961
989 924 967 926 922 994 945 924 937 991 995 934 967 920 956 999 971 947 953 924 933 976 941 907 917 948 911 932 947 927 969 935 920 980 906 924 988 907 935 936 903 900 971 983 917 972 988 912 973 909 981 935 934 957 999 964 985 987 967 950 900 918 939 927 988 922 980 955 954 905 901 968 947 901 981 984 997 933 927 935 968 946 945 924 962 953 904 985 903 981 937 998 975 956 940 934 949 995 939 946
911 952 922 903 925 994 973 940 936 953 917 923 915 902 988 909 901 957 923 916 967 990 965 982 946 999 919 983 968 980 954 914 993 942 945 925 989 991 922 982 941 983 961 938 979 902 904 913 929 917 916 983 918 990 914 974 958 973 914 983 987 936 972 902 938 904 974 987 952 962 982 956 977 936 994 905 957 968 907 930 956 906 914 987 945 962 950 912 957 986 972 965 999 962 935 982 969 911 933 930
922 948 983 915 968 922 962 989 985 951 977 930 971 918 921 981 906 905 925 948 955 975 932 969 926 995 983 931 937 909 932 918 985 922 950 906 967 937 952 974 901 988 927 967 993 939 933 956 979 922 982 950 953 965 903 981 948 953 923 916 949 966 972 978 998 959 928 977 930 903 994 916 995 984 990 914 954 908 929 949 964 907 963 922 930 973 939 925 942 974 901 930 942 914 986 905 949 989 911 978
966 926 960 979 969 999 963 987 926 910 921 902 955 927 931 976 930 944 997 979 930 960 967 989 958 963 909 952 917 996 914 983 913 994 923 929 917 968 926 974 921 996 902 908 958 942 940 993 927 993 917 915 937 941 964 905 932 956 947 959 925 973 953 938 997 969 957 969 984 925 978 997 914 962 936 913 937 910 900 967 931 994 958 907 968 969 968 930 932 993 975 937 955 983 969 932 993 910 972 900
923 979 961 937 948 927 908 978 957 928 968 912 933 901 955 968 990 914 975 920 976 958 951 916 957 914 947 979 956 977 914 981 945 992 976 984 927 936 961 969 950 989 963 963 909 940 948 912 996 913 951 931 920 925 987 943 948 978 949 904 918 944 927 944 987 949 914 956 923 912 952 905 951 996 957 953 948 986 913 998 936 927 970 990 991 977 918 990 946 974 905 912 986 921 944 978 917 918 937 969
994 928 991 950 973 952 982 912 957 935 925 921 959 992 964 988 989 972 958 914 916 998 939 926 962 993 979 926 924 908 914 919 998 991 955 954 932 949 950 956 942 957 910 934 912 981 946 913 907 923 950 956 971 962 917 975 902 954 914 979 906 917 924 962 953 995 948 929 921 963 987 947 929 925 923 947 993 921 906 918 912 946 938 933 987 926 946 926 981 912 925 968 995 909 907 938 930 922 928 986
911 996 928 920 931 924 966 900 954 972 948 985 903 940 901 981 981 974 937 993 978 973 959 963 905 929 913 973 964 956 999 904 909 984 919 956 952 915 906 973 928 905 912 986 987 965 976 971 954 914 949 982 913 982 929 948 986 909 993 955 982 961 953 925 939 996 986 954 970 931 952 950 977 947 942 963 906 954 994 977 970 995 941 950 933 988 998 943 958 951 938 900 975 975 943 907 999 903 985 953
906 997 930 908 990 997 933 955 956 977 974 909 943 964 946 906 973 907 911 962 971 934 913 958 999 965 951 995 919 913 944 956 912 970 972 905 968 906 996 917 944 941 976 997 922 976 973 933 993 954 992 933 989 990 905 958 932 985 914 928 973 925 954 982 999 994 978 945 972 952 912 964 939 957 981 921 933 949 944 971 955 986 959 937 921 995 943 971 956 919 960 945 914 975 929 953 999 949 995 950
924 917 950 907 906 991 927 967 942 951 955 993 973 991 926 962 907 960 990 946 970 925 927 923 983 915 932 933 974 985 942 992 958 982 949 988 938 929 924 982 999 913 934 939 958 951 913 915 965 917 975 925 956 962 984 950 902 928 966 997 941 998 926 900 916 926 996 940 952 962 916 907 963 968 971 963 902 994 945 974 957 961 992 943 974 962 988 925 937 948 913 914 975 917 904 994 916 928 913 933
941 973 969 953 924 977 985 921 924 936 967 995 951 952 906 953 902 995 930 990 930 990 909 992 975 972 944 970 905 977 958 969 980 915 930 985 913 986 929 964 987 904 988 969 932 913 917 930 907 907 988 902 927 942 934 906 942 931 901 969 922 941 920 995 908 926 932 990 931 916 902 942 935 916 998 928 921 943 961 939 992 926 918 952 907 936 970 928 959 939 974 940 998 918 945 939 931 947 940 912
995 937 958 997 981 922 963 946 906 912 931 924 994 905 986 990 980 901 924 982 998 942 981 904 975 933 928 910 923 934 986 980 965 927 939 961 909 988 944 988 907 957 986 920 912 968 919 978 944 973 920 996 990 943 907 925 922 959 977 906 922 992 921 993 911 971 966 949 915 913 977 935 924 956 920 939 939 994 927 958 971 948 903 929 961 964 988 971 987 980 962 996 953 964 992 933 994 990 952 947
914 962 929 979 916 972 966 990 926 905 931 964 911 939 998 922 938 956 978 905 983 975 917 959 998 985 911 974 910 980 941 934 907 985 986 934 935 917 901 987 964 904 957 943 943 954 969 986 962 944 928 984 910 930 945 916 986 982 974 971 988 911 965 917 910 927 962 975 985 991 909 932 977 992 927 984 904 979 947 992 943 946 963 972 911 996 979 900 952 969 972 975 978 939 962 906 932 943 918 928
987 952 915 991 939 937 984 971 916 951 997 924 978 952 900 936 910 965 940 997 976 902 900 979 939 957 914 915 922 902 960 905 902 920 964 966 985 921 934 934 991 964 913 905 905 978 963 930 979 982 941 976 963 923 928 991 942 925 939 907 926 936 945 974 974 938 983 966 959 981 933 972 930 926 966 953 984 965 945 965 903 922 907 911 971 905 991 980 985 961 994 910 912 929 917 954 950 962 908 927
922 939 947 954 938 995 978 911 906 921 990 983 984 952 947 920 962 970 977 997 952 976 971 962 931 929 987 920 947 920 961 900 974 908 910 972 920 964 972 968 982 988 976 918 970 926 907 931 967 901 976 971 938 979 943 943 985 945 934 912 940 946 925 993 903 919 936 986 940 973 956 902 995 919 951 995 911 923 986 930 925 974 957 918 911 907 915 995 943 991 917 973 990 997 932 903 955 905 952 990
929 943 964 949 921 939 928 943 992 953 916 972 931 945 989 993 950 922 912 981 905 986 949 968 955 960 938 997 981 951 917 967 916 973 999 926 962 903 901 955 924 920 982 978 936 976 957 939 903 921 943 927 947 932 941 929 988 971 909 965 960 913 930 949 988 916 909 982 965 953 949 986 973 960 945 961 952 905 961 927 992 935 946 956 933 908 988 996 940 947 901 931 983 925 980 953 986 977 940 983
989 987 998 974 994 969 955 908 981 940 957 996 991 939 923 971 957 975 955 947 931 970 998 905 970 988 949 934 971 986 904 916 999 935 915 908 938 975 928 932 972 924 961 944 915 975 970 957 947 909 948 969 942 946 927 928 975 973 988 967 922 938 939 956 943 987 922 903 999 950 909 941 997 907 926 990 964 926 956 959 964 940 977 986 943 930 960 959 927 903 977 903 979 904 916 920 923 964 901 900
994 949 900 911 931 912 922 908 980 940 945 912 959 971 976 971 952 922 965 946 916 930 943 924 913 930 902 973 932 915 909 968 963 987 959 969 976 913 973 989 943 924 984 933 957 926 975 955 995 902 946 943 988 982 951 938 925 944 917 902 946 932 974 947 994 904 973 952 956 923 934 952 990 924 920 926 932 959 922 992 961 964 901 939 951 992 915 918 996 955 965 941 926 911 912 931 980 998 934 943
993 992 969 911 947 994 942 970 951 905 958 998 901 934 969 958 942 991 968 991 931 935 997 984 960 961 916 903 900 961 911 971 935 902 977 968 934 969 945 963 925 970 969 908 928 942 954 974 982 958 980 940 917 923 943 971 968 952 915 923 997 927 963 936 999 986 953 976 963 991 929 994 933 969 965 901 977 996 958 965 938 936 915 952 901 940 991 959 980 924 933 972 932 941 906 912 972 921 954 946
982 973 927 945 986 998 982 941 936 949 981 920 966 940 924 912 904 990 969 964 954 990 992 915 922 927 912 970 960 988 929 999 903 978 935 932 923 953 951 906 961 926 916 916 900 974 979 964 933 993 989 980 994 987 953 997 913 999 901 934 957 983 935 927 951 901 959 967 971 983 927 931 964 903 930 979 973 907 909 945 927 919 932 972 939 968 901 971 962 970 995 912 939 929 984 908 968 960 981 901
962 987 964 969 951 949 911 990 950 905 941 993 949 927 938 918 976 989 966 999 912 969 990 951 975 999 944 968 927 900 999 901 941 925 971 957 928 995 991 916 909 969 983 996 987 970 982 930 905 901 902 989 935 925 922 928 962 945 945 948 989 916 986 908 943 970 953 992 997 999 977 970 990 907 912 949 963 995 926 994 922 989 924 986 953 951 984 935 955 954 986 998 917 911 910 979 942 908 991 967
995 951 994 957 935 979 980 980 907 910 961 902 969 941 922 994 910 994 995 935 990 984 961 933 945 963 989 994 978 933 957 967 946 953 956 961 948 984 954 974 956 991 938 902 972 984 990 936 989 964 912 951 929 974 932 945 907 977 935 964 963 938 906 927 902 945 961 908 999 969 916 917 944 982 917 905 900 964 985 941 943 911 975 960 985 969 995 986 946 902 963 943 999 960 956 903 972 995 978 950
913 906 954 907 972 903 964 909 997 963 960 982 910 917 900 926 958 918 943 903 935 965 968 921 985 922 905 935 990 970 992 957 942 990 911 952 918 923 900 973 910 924 982 940 969 996 989 936 950 975 994 913 920 973 924 967 956 901 924 990 972 917 912 943 992 997 975 908 934 925 906 979 958 924 962 952 989 932 900 947 918 984 915 916 963 920 903 972 965 993 941 968 986 943 925 971 949 992 980 918
944 953 905 999 962 970 972 939 961 958 938 942 979 997 940 982 917 952 993 902 985 925 987 982 985 907 940 945 932 910 964 926 967 919 931 913 968 928 915 955 989 970 986 995 989 966 993 954 960 910 959 911 902 921 969 938 931 916 919 907 925 970 999 981 904 982 929 951 926 974 940 995 942 924 923 977 973 945 949 938 962 983 963 908 961 989 905 934 944 954 912 914 957 939 921 916 921 904 910 918
933 917 991 998 903 915 939 978 998 982 959 993 938 953 910 951 925 969 967 980 979 937 994 907 973 913 941 911 930 906 931 952 907 970 953 964 925 930 941 926 976 908 954 952 907 975 973 929 995 939 906 984 928 955 920 932 900 964 988 995 935 996 968 965 919 961 955 970 989 938 986 909 969 916 976 953 900 911 972 941 952 936 965 973 959 924 927 925 936 989 984 948 981 901 948 921 941 965 984 937
986 935 923 949 992 998 915 967 955 960 944 983 954 925 994 902 968 923 919 986 938 911 908 963 993 929 995 939 963 987 972 937 980 968 960 936 930 900 990 900 911 918 932 906 937 987 934 945 940 966 966 926 984 957 999 934 999 901 976 944 983 932 932 906 977 988 984 955 925 929 978 916 953 920 904 951 919 956 931 907 989 920 989 922 985 904 939 985 947 991 939 991 938 988 999 920 915 988 975 974
917 958 904 937 939 945 914 964 916 903 950 937 949 968 943 930 919 912 951 946 931 936 979 997 939 950 940 998 989 950 933 947 915 970 991 935 985 908 931 968 924 919 978 946 920 977 964 972 989 977 949 969 990 920 999 978 991 977 953 963 925 906 971 900 929 991 993 904 965 918 989 902 915 923 963 956 935 989 994 939 955 978 912 968 962 933 932 950 991 979 955 962 940 954 995 995 905 981 905 981
984 954 901 981 965 965 902 993 908 917 961 965 990 938 958 959 909 926 941 957 945 918 936 958 982 906 963 958 997 997 938 904 909 919 911 938 988 958 952 934 988 978 930 919 954 943 971 974 935 906 901 994 949 945 904 987 967 964 935 942 994 913 959 922 910 972 992 966 968 901 925 940 916 928 907 947 921 966 971 973 956 973 944 910 984 924 906 951 927 926 978 984 906 981 902 963 928 913 955 976
967 919 944 913 951 927 907 903 949 904 916 942 983 988 928 902 959 906 956 981 969 902 970 935 950 924 956 943 973 918 942 928 955 929 937 900 910 919 907 925 936 934 995 926 949 988 942 999 921 960 903 951 901 916 926 929 955 910 943 946 981 976 956 953 972 951 999 977 905 933 993 995 948 901 970 936 974 979 970 977 942 976 925 989 907 980 927 975 981 960 993 910 912 962 978 958 974 990 998 941
985 967 911 999 900 958 951 979 941 939 994 992 949 950 901 969 989 957 989 927 992 946 952 952 975 960 909 961 989 968 995 982 910 914 965 953 965 920 961 982 934 976 957 922 933 951 962 903 918 977 953 982 915 988 904 986 946 941 911 921 924 918 935 976 932 923 952 958 946 944 905 989 973 927 951 954 962 932 973 954 998 906 936 938 955 994 908 902 993 942 962 918 942 923 987 973 977 967 917 910
993 993 994 978 992 919 985 922 989 949 988 900 955 976 906 935 990 972 948 926 908 907 912 912 976 954 943 962 930 908 922 952 923 971 933 986 907 967 918 935 980 925 956 949 906 918 968 984 926 902 959 983 936 920 921 972 916 957 910 989 905 923 987 994 959 902 948 976 914 943 941 960 976 945 925 922 962 907 955 944 963 955 995 998 925 959 956 937 973 936 969 915 935 909 998 918 913 910 907 958
974 923 906 906 903 974 972 956 903 916 994 920 914 979 920 971 949 966 993 943 971 968 942 901 980 929 942 963 903 984 945 973 932 904 923 917 908 984 912 936 967 903 916 968 901 944 993 980 948 974 981 900 944 909 981 987 934 945 983 951 976 934 990 900 984 924 978 924 953 931 919 932 968 912 989 969 969 909 963 943 951 976 944 908 938 973 952 993 945 957 952 938 919 907 907 975 961 961 943 928
955 954 953 926 963 942 992 973 985 960 955 991 920 995 998 973 984 911 982 942 968 997 915 981 907 996 987 942 974 966 987 972 994 960 961 912 928 942 991 911 986 949 936 943 933 960 999 938 986 957 968 912 915 905 929 992 915 961 941 950 935 958 940 992 923 938 906 961 931 984 957 925 962 919 991 996 927 910 937 977 996 940 904 962 923 996 921 905 908 925 970 972 979 936 925 959 960 944 980 910
945 910 977 929 935 960 928 952 924 975 914 947 973 959 984 901 935 932 966 916 931 944 936 987 943 986 985 929 985 970 981 978 982 938 904 990 944 904 921 976 979 948 989 947 991 903 982 945 991 967 957 972 995 930 944 966 962 967 934 990 921 967 962 936 969 934 997 902 961 922 965 943 955 923 933 970 944 977 983 999 921 917 914 937 914 961 926 997 977 987 918 938 944 942 952 908 968 925 954 987
907 994 916 921 965 979 944 907 900 913 927 997 940 986 950 977 924 944 949 931 946 918 901 938 985 992 950 956 955 955 909 986 959 988 963 926 958 924 968 951 929 948 963 900 910 929 997 902 973 933 974 946 998 971 980 961 906 934 956 943 902 994 911 936 995 963 918 922 947 968 941 999 922 949 959 902 940 986 977 952 912 925 924 987 949 946 907 946 956 906 905 939 936 984 903 914 980 989 942 951
967 953 918 971 962 902 970 955 923 916 902 972 963 933 977 960 936 990 993 995 942 970 956 936 975 965 993 906 945 991 983 988 930 967 919 968 944 980 961 985 953 992 997 967 934 908 919 942 966 932 909 972 947 975 982 974 988 967 907 971 989 969 994 912 907 982 949 951 985 908 908 979 908 944 936 989 932 986 931 902 987 981 960 989 967 909 946 907 936 971 900 968 989 927 962 927 988 954 994 921
970 977 947 956 957 901 932 930 917 956 939 946 998 923 994 917 901 939 955 993 969 932 947 961 984 974 990 912 998 984 937 966 938 920 962 973 930 970 909 968 985 939 900 938 966 952 985 911 903 961 944 991 949 968 930 918 925 951 924 945 944 925 964 956 902 996 974 924 903 911 992 963 946 948 984 986 996 987 955 935 908 982 946 927 954 915 908 910 983 901 964 968 913 905 954 983 958 973 928 961
980 910 978 960 923 991 952 946 949 944 912 961 900 931 922 917 934 971 928 950 978 950 941 976 918 919 961 908 957 900 900 987 975 942 941 945 961 915 939 909 976 942 926 906 929 914 958 993 924 935 998 963 931 901 955 967 976 982 965 990 970 973 994 918 989 940 927 920 931 954 918 924 919 927 906 958 938 960 927 974 982 939 925 986 929 908 971 944 910 972 987 981 904 984 943 997 995 966 959 916
945 973 933 918 960 990 944 999 963 940 938 911 915 965 998 907 908 943 962 976 915 982 999 936 906 948 922 914 977 915 904 938 952 989 923 945 901 993 975 948 982 951 973 935 901 941 963 951 922 918 985 974 962 946 967 944 977 963 934 912 949 996 929 953 966 956 947 955 991 985 994 962 991 924 962 910 930 997 962 977 915 953 936 934 954 964 909 913 999 911 978 990 977 937 921 924 941 970 919 920
967 984 940 994 919 957 955 988 943 905 989 980 928 901 968 909 972 913 945 985 988 900 951 917 987 924 941 989 974 985 993 926 934 948 965 977 976 988 902 907 979 985 915 901 990 962 935 940 912 901 951 921 978 943 935 973 924 935 998 989 959 938 974 911 928 942 931 910 958 944 943 929 923 942 907 973 909 908 961 909 958 961 932 929 966 942 986 952 919 921 900 966 976 922 954 903 906 984 954 994
967 975 989 906 933 950 960 929 968 961 993 991 954 946 912 949 991 973 992 918 976 934 940 937 996 970 925 947 946 924 991 931 906 915 995 922 986 975 932 971 993 946 951 921 955 987 935 929 969 910 974 962 972 996 999 935 903 915 948 909 945 957 901 971 912 997 952 907 996 968 980 996 946 954 952 977 991 950 945 970 980 911 964 992 930 927 993 997 934 912 972 994 965 906 929 915 988 936 938 999
911 984 917 977 944 903 945 974 905 931 926 921 981 991 996 968 904 993 992 933 919 921 981 940 908 927 908 948 992 920 915 942 946 988 902 938 958 987 971 974 942 965 973 922 981 992 972 996 977 921 900 903 948 946 996 995 967 917 993 986 969 954 917 912 907 950 901 957 927 940 953 917 928 974 914 909 926 939 936 966 915 968 915 947 989 979 930 983 955 993 985 955 993 910 993 954 959 993 903 997
920 916 957 919 969 958 950 955 968 977 994 949 986 949 910 927 900 951 906 985 938 993 911 933 970 913 968 990 958 946 906 971 949 909 970 985 901 924 988 934 928 915 934 919 945 926 990 938 934 910 907 985 916 981 952 936 939 920 925 951 979 920 943 968 946 918 990 997 901 951 929 961 975 957 942 981 968 930 960 926 956 995 912 948 962 980 971 982 912 912 997 927 938 913 918 930 944 984 947 999
963 970 920 988 926 995 980 932 920 950 905 941 968 961 954 939 950 931 984 927 926 937 950 912 960 944 985 901 934 923 974 969 974 988 990 930 975 902 929 971 906 957 961 996 965 917 957 987 915 964 977 905 983 993 966 945 906 949 940 956 979 929 953 979 930 920 996 974 977 909 960 903 974 924 944 946 937 936 954 984 956 987 901 947 992 966 919 927 902 971 920 923 904 971 965 977 932 905 948 930
944 943 932 965 936 999 922 923 934 942 934 970 930 921 975 937 967 940 920 993 963 921 952 960 903 955 993 922 966 984 906 904 951 911 959 992 928 921 942 917 962 925 988 965 906 984 981 994 901 946 963 911 911 910 992 973 958 907 984 968 940 986 929 953 939 935 901 910 949 950 934 916 977 989 957 926 990 997 973 933 997 922 957 932 997 957 923 939 935 916 947 911 927 945 995 948 911 996 926 939
963 920 963 946 941 979 983 977 921 976 955 994 963 991 910 947 911 910 904 934 974 909 900 932 980 924 950 936 927 953 937 969 941 955 940 960 950 977 936 974 948 931 943 998 957 998 949 994 988 999 937 996 977 949 928 944 994 988 996 902 970 914 996 931 972 959 919 973 983 947 909 944 971 921 989 995 930 971 924 916 957 952 975 926 975 904 902 991 949 998 981 941 921 950 972 912 909 913 941 999
919 931 949 970 909 971 957 962 931 907 902 983 928 951 920 940 939 920 955 999 976 993 997 953 980 915 910 926 977 983 931 945 919 940 958 960 994 966 909 954 953 977 978 905 970 907 906 934 901 920 918 946 956 960 916 923 957 916 912 996 932 979 933 986 996 920 926 965 925 951 965 925 956 901 942 980 997 934 975 924 960 982 957 913 918 981 935 959 932 932 947 965 922 970 991 927 961 937 967 902
990 968 935 974 982 999 912 984 999 974 903 909 900 975 945 980 957 947 960 991 975 986 960 921 991 906 949 915 972 994 930 905 969 950 940 926 969 993 926 935 900 992 984 955 998 935 931 918 901 992 924 971 905 921 902 900 935 955 913 994 922 939 926 932 918 982 931 933 916 997 971 939 951 917 930 987 962 990 951 905 986 919 992 900 965 913 901 905 920 958 951 989 991 962 957 990 978 997 922 970
963 994 952 928 932 904 993 917 970 952 938 910 978 961 961 929 961 902 990 954 929 969 967 947 989 961 994 905 911 968 990 921 917 969 970 946 992 925 943 954 956 906 943 972 968 985 926 938 917 931 924 945 957 982 909 967 953 916 970 916 979 979 992 954 944 922 972 956 978 982 963 934 917 967 983 985 965 981 957 957 953 944 938 900 946 986 959 986 961 943 991 967 995 940 954 989 953 971 967 970
956 988 918 944 933 996 956 989 910 988 926 966 981 998 971 951 908 982 908 938 951 915 990 937 905 925 994 958 932 988 994 915 953 918 918 949 943 984 957 940 949 904 966 959 990 901 908 943 934 920 960 991 991 928 970 940 915 986 982 972 950 998 928 907 915 995 922 935 961 953 969 903 994 926 967 903 910 914 951 973 902 907 992 977 907 940 987 947 958 943 974 968 908 914 923 962 993 924 911 967
984 955 903 989 962 919 920 928 936 937 928 998 947 935 989 917 941 927 932 929 974 940 910 913 914 934 925 911 998 944 995 958 987 944 908 903 978 936 910 962 990 920 964 959 934 962 970 911 963 994 937 933 985 915 944 963 961 967 910 947 946 901 987 934 977 929 932 998 932 903 907 983 933 972 973 975 958 948 996 935 980 956 987 967 969 911 954 962 955 947 938 979 970 970 997 968 996 948 950 914
910 920 904 938 938 975 981 986 934 913 929 928 954 944 986 913 916 986 972 929 922 976 982 937 923 925 972 984 954 983 957 903 978 914 995 977 961 907 924 942 928 905 939 968 914 949 953 946 997 921 963 964 903 997 995 986 981 959 958 959 964 948 979 950 983 933 981 974 929 964 909 960 911 943 961 922 988 968 938 937 938 991 977 904 963 933 905 950 907 999 906 990 959 933 962 950 995 982 979 999
940 945 931 920 983 958 929 940 974 974 998 977 945 984 922 918 940 968 947 933 996 929 959 902 919 945 911 915 948 967 972 953 994 961 912 908 943 931 940 926 992 970 970 958 984 951 903 909 927 978 955 991 998 983 966 926 996 908 931 937 931 904 902 928 914 915 964 906 945 939 955 914 917 935 926 900 971 946 931 967 921 904 992 912 900 984 906 972 960 979 962 941 921 978 922 929 938 983 947 905
935 962 997 996 940 993 988 914 974 957 965 950 958 995 936 942 910 919 922 988 915 970 990 987 963 937 955 908 988 992 968 987 984 988 943 941 959 928 951 928 936 917 980 930 903 920 996 919 935 973 923 921 981 901 926 961 980 987 934 920 961 906 999 997 985 985 972 951 923 921 935 916 904 911 945 910 926 929 966 996 915 924 991 964 949 940 934 958 946 936 993 947 914 983 990 964 902 964 931 933
928 998 966 922 959 981 984 919 987 933 924 946 981 995 903 923 952 936 914 964 947 994 981 924 908 907 919 998 913 916 916 931 968 930 997 903 920 968 901 945 958 907 946 940 916 959 938 941 994 947 914 954 954 921 980 925 944 950 952 930 952 964 939 932 968 946 916 959 928 910 953 906 937 963 988 970 923 982 901 933 939 979 952 910 956 986 959 979 988 937 915 999 926 907 906 984 935 927 998 980
963 979 971 936 954 930 904 951 967 939 956 941 913 977 998 932 979 962 991 991 905 943 970 924 908 941 964 961 916 912 971 921 981 967 985 986 984 988 950 940 963 916 911 964 983 915 921 966 964 946 950 992 906 987 922 938 915 977 994 956 937 929 968 982 930 940 921 964 956 901 932 930 947 996 919 906 992 996 902 976 936 964 934 978 960 942 961 939 970 906 975 996 984 967 993 984 923 907 947 963
921 917 963 968 918 958 990 975 950 928 972 952 921 985 901 963 925 931 956 950 961 942 903 932 900 985 967 984 975 991 997 923 965 961 905 952 971 946 993 938 959 964 991 920 900 909 914 929 916 994 942 902 931 917 981 994 950 996 912 973 949 936 930 915 922 975 914 969 918 966 939 919 960 980 917 944 940 971 987 999 981 921 940 946 984 904 940 965 985 905 902 929 989 993 947 922 970 989 980 901
923 907 917 991 902 975 956 941 953 965 937 905 994 990 966 960 983 928 936 952 954 999 925 904 902 934 975 981 920 954 995 979 991 933 918 994 903 933 936 999 921 998 959 967 915 937 997 948 987 926 938 928 928 901 967 963 937 903 984 955 910 969 979 900 906 974 928 906 967 936 938 995 925 960 982 946 940 947 946 923 903 993 920 953 925 938 966 954 903 910 980 932 917 924 911 995 960 922 901 939
926 921 920 976 983 927 926 937 972 915 973 945 979 951 907 938 907 967 993 950 996 916 991 902 976 908 909 963 939 989 998 987 912 991 919 966 982 995 981 962 915 945 998 932 907 968 932 970 995 960 974 930 994 979 954 910 918 902 922 935 994 999 911 988 953 910 947 975 953 989 900 954 992 950 997 936 932 985 933 908 997 926 970 950 926 935 929 993 933 945 930 933 932 985 990 929 992 956 946 968
921 930 997 986 903 973 956 902 986 913 976 955 972 910 936 904 971 940 943 904 906 940 975 912 938 922 945 998 987 911 917 945 927 936 931 984 939 978 974 961 983 985 910 943 976 931 929 960 969 940 926 912 996 952 951 927 953 978 966 968 968 908 950 923 921 999 907 911 967 964 976 926 989 912 989 960 973 930 919 974 912 950 953 951 941 969 981 954 922 925 927 983 965 950 924 955 975 985 934 960
995 946 916 935 967 996 921 986 953 989 918 997 917 934 968 994 935 997 932 936 976 914 934 956 999 953 968 940 968 939 936 936 902 970 907 911 947 902 965 996 982 950 995 919 974 937 988 979 921 916 994 918 994 940 946 925 947 960 981 978 930 905 953 914 975 983 901 994 992 980 990 907 964 966 900 954 903 910 909 924 917 950 990 919 944 906 969 979 924 985 948 996 990 997 972 993 913 941 936 957
975 976 964 953 995 959 978 964 958 966 921 996 912 947 953 975 915 911 924 909 972 963 982 991 927 906 932 993 981 954 931 952 954 980 929 959 932 997 931 948 985 975 981 921 947 961 901 934 957 932 949 955 946 958 976 994 999 919 955 916 995 964 994 937 991 948 902 971 909 986 953 996 936 924 959 904 948 952 925 901 975 954 977 960 983 931 969 917 921 986 942 945 981 978 907 949 940 965 959 987
956 959 966 958 969 935 939 956 929 951 937 933 923 945 934 938 986 974 998 977 900 963 933 954 947 904 941 997 975 970 907 946 975 938 998 995 920 905 911 959 961 981 935 957 956 919 908 965 966 903 923 977 994 973 957 987 933 971 957 936 966 968 982 970 957 923 927 939 937 901 953 932 944 918 970 937 939 939 925 959 987 900 905 905 925 926 976 989 943 917 930 920 984 945 908 937 903 927 977 940
991 943 938 947 990 977 975 935 950 912 933 966 995 976 967 954 949 943 938 929 972 950 924 967 998 997 964 968 928 919 920 921 940 924 980 947 960 988 957 981 973 921 972 937 981 945 949 957 958 923 997 973 919 918 905 924 973 987 944 971 916 956 962 929 954 939 972 908 930 986 936 947 983 918 923 953 922 929 923 975 912 936 952 979 901 931 984 962 973 943 910 932 901 941 970 928 991 916 970 921
954 937 906 923 944 903 911 995 969 974 908 944 950 995 915 980 940 938 948 941 900 966 941 952 907 924 987 902 932 954 914 970 999 996 922 902 961 965 958 933 907 982 989 989 988 991 919 939 939 987 992 902 969 969 945 938 972 961 915 960 974 975 935 922 944 905 937 975 945 920 994 985 961 911 930 965 967 919 913 939 965 993 975 916 971 995 999 915 906 911 916 987 927 929 975 922 996 936 987 903
991 956 957 998 930 905 985 976 957 994 926 951 904 900 902 945 908 978 970 988 979 934 976 952 970 926 959 947 996 996 979 975 995 992 940 993 924 972 906 935 936 903 940 930 902 978 922 904 978 937 974 951 968 959 960 943 924 995 992 992 951 991 907 979 917 930 917 921 975 978 998 991 998 914 957 980 930 970 922 926 910 984 926 923 909 973 965 964 984 954 937 975 911 997 936 980 911 944 950 910
924 977 917 935 966 923 966 925 942 990 943 966 974 996 973 993 943 929 966 921 942 938 970 922 971 999 951 938 965 962 903 993 994 909 981 956 927 907 952 980 904 927 927 967 932 925 968 925 959 982 975 966 961 901 964 948 965 953 951 981 983 971 911 987 911 924 931 965 942 984 933 947 968 927 949 994 968 962 951 927 978 907 938 931 946 993 974 960 951 987 930 937 961 991 991 962 954 976 914 938
953 997 975 914 914 934 990 990 914 928 959 926 970 939 966 979 925 989 907 975 922 989 912 916 931 920 973 960 976 922 905 923 983 948 920 930 948 967 981 901 979 968 935 908 999 957 931 954 972 902 916 927 977 962 921 918 900 965 938 944 916 932 953 991 965 933 930 903 902 969 947 936 921 936 998 919 922 920 935 950 972 901 998 911 915 952 997 915 954 922 972 972 942 971 939 919 902 952 918 977
932 936 960 936 939 959 970 997 908 985 905 913 951 973 941 972 959 923 961 953 924 907 976 967 954 904 903 957 931 933 983 917 904 986 976 964 977 987 900 975 926 988 969 910 916 942 946 903 914 913 954 967 907 971 911 915 988 907 969 934 972 977 918 980 983 953 922 906 904 914 991 921 944 939 948 909 942 922 971 929 923 994 987 962 949 945 945 988 937 986 922 954 991 962 907 919 951 945 991 992
989 970 927 990 967 935 937 913 921 994 915 905 993 902 946 924 964 950 923 927 986 900 986 917 910 949 954 957 909 980 918 919 988 995 936 951 959 955 905 999 954 962 926 924 949 934 994 926 926 984 913 995 961 955 999 930 933 968 989 965 955 923 962 919 976 973 933 914 926 976 942 979 963 968 958 983 947 953 963 912 940 918 981 985 900 979 933 987 926 964 944 998 918 964 912 948 900 944 947 996
913 906 921 939 927 964 950 959 910 929 985 936 979 909 944 969 909 962 926 914 940 977 995 915 981 986 913 966 994 919 912 941 939 966 900 937 933 952 917 988 996 970 959 945 983 961 959 978 930 990 989 947 994 938 981 949 953 916 984 953 915 999 949 960 917 920 959 940 942 985 988 967 934 986 988 954 935 947 967 921 966 961 988 917 953 975 974 933 950 906 921 990 911 972 970 976 928 974 958 919
958 917 901 946 922 974 917 974 997 974 903 919 962 927 978 959 935 989 978 907 928 999 922 918 904 948 987 985 989 923 961 948 968 918 938 944 966 942 942 954 947 946 981 956 952 968 901 999 984 950 970 951 900 912 955 922 972 947 960 997 915 905 980 949 932 900 940 954 975 971 932 992 981 901 923 915 932 978 971 962 936 999 911 907 998 996 948 915 917 924 979 925 988 989 967 924 943 971 949 922
986 912 917 989 963 939 984 919 985 990 985 986 930 903 995 950 992 905 960 900 995 987 912 908 933 927 997 906 918 929 918 927 993 942 937 926 942 908 904 988 917 966 962 901 931 971 972 975 989 942 989 975 947 942 947 975 908 953 954 920 976 990 974 937 994 920 912 917 973 938 962 935 963 921 915 969 960 946 934 924 963 973 957 990 934 907 936 913 947 944 961 944 922 974 925 958 929 939 987 976
952 980 940 990 958 932 984 967 987 950 990 975 917 970 944 958 986 935 937 910 938 968 930 954 938 931 913 959 953 914 906 993 973 907 964 926 930 902 913 903 962 961 927 943 958 983 903 913 920 985 926 978 940 961 975 943 960 995 921 920 956 940 942 910 939 985 977 942 904 972 976 971 953 921 995 969 969 929 979 936 979 932 965 943 931 990 984 968 923 937 910 916 945 955 999 957 981 930 946 902
924 907 946 903 939 955 914 917 977 960 964 988 903 989 994 968 992 911 972 975 985 955 901 907 999 912 949 931 988 955 949 910 945 974 921 963 919 952 907 967 907 989 994 959 947 938 934 994 983 966 905 935 969 960 977 905 923 912 914 957 946 993 909 932 952 998 936 906 977 938 991 944 906 956 960 918 976 942 912 913 919 929 964 925 956 989 954 950 950 943 931 951 968 952 914 908 987 956 962 962
981 945 967 934 906 991 912 964 921 927 912 965 943 994 978 929 922 963 955 998 921 952 916 963 942 973 985 913 932 973 983 947 906 951 947 928 942 956 988 976 998 992 930 998 992 947 971 975 987 935 917 984 936 978 963 952 963 909 956 910 918 988 941 972 913 955 961 936 925 972 918 935 985 954 971 998 949 967 974 981 903 944 945 901 969 994 991 969 924 929 960 955 923 974 987 908 964 948 957 931
975 943 969 929 945 958 920 909 981 932 962 999 934 972 939 937 988 970 905 943 919 908 913 916 945 910 985 982 917 933 987 959 934 984 953 971 967 950 912 911 975 923 961 948 920 938 911 999 931 973 972 946 968 980 982 966 904 978 929 911 967 977 979 973 977 968 951 913 972 907 952 961 998 924 954 973 956 986 963 922 901 905 928 939 972 984 961 988 984 918 973 958 997 913 966 985 922 985 957 911
924 925 976 900 985 987 917 998 987 958 925 937 986 969 926 902 927 929 910 903 902 943 952 994 989 905 989 930 901 920 905 926 910 924 964 911 987 940 964 945 951 965 913 910 903 925 930 936 953 997 943 957 914 993 950 956 902 952 900 990 941 974 956 996 981 985 922 949 938 954 985 941 941 963 959 926 923 991 970 984 919 976 926 908 919 905 943 924 978 972 912 977 915 934 961 910 927 920 933 970
994 965 999 991 943 921 953 919 944 976 913 903 990 977 930 908 930 977 930 971 900 967 969 998 952 906 991 990 918 984 994 914 986 973 929 952 905 948 921 983 994 978 919 997 965 946 911 970 975 910 997 951 982 950 975 949 941 997 985 982 924 920 999 947 983 946 905 947 963 911 932 986 912 991 934 932 931 967 960 967 927 927 966 934 951 900 990 970 978 915 984 930 961 902 923 976 929 915 917 905
968 923 917 973 922 966 906 906 976 996 985 931 997 986 952 994 964 921 968 952 908 948 933 918 931 962 917 981 948 943 967 904 983 957 905 907 968 902 907 904 994 976 967 975 956 911 937 978 905 943 964 986 941 930 963 919 901 979 955 913 930 950 906 936 952 967 923 937 909 964 948 925 933 993 928 973 929 929 974 989 965 994 938 972 929 960 927 968 963 984 990 964 903 901 906 924 905 966 957 931
951 999 908 972 923 931 902 985 967 979 984 999 974 905 968 977 938 905 911 990 997 906 918 921 942 927 909 913 928 965 933 922 966 936 900 935 974 909 928 975 909 932 955 947 953 952 976 935 924 933 998 997 942 925 924 907 952 900 908 967 906 963 908 978 971 998 933 957 967 986 976 988 909 960 913 927 926 982 949 992 912 925 968 950 935 901 991 944 951 967 997 929 960 976 962 982 930 963 938 951
988 910 944 958 986 936 974 943 998 931 949 955 957 921 967 950 924 991 954 912 955 909 912 947 957 942 995 965 991 974 961 931 971 903 996 958 931 965 920 910 950 920 977 959 976 988 908 922 944 902 911 925 980 973 935 999 955 919 962 942 942 962 935 946 905 940 924 968 984 952 979 962 964 929 961 990 944 931 976 916 919 913 952 969 966 976 916 983 935 960 918 942 916 990 961 922 925 934 969 974
919 910 968 954 986 906 965 915 924 923 981 928 965 908 941 945 998 903 946 932 912 980 983 965 991 905 940 931 905 920 945 931 985 937 911 959 965 931 953 997 972 952 947 996 918 992 932 943 984 939 954 964 997 920 953 966 970 934 941 902 985 969 952 955 997 987 960 963 927 979 905 933 908 900 989 917 978 905 954 999 989 946 905 952 991 929 974 939 932 901 919 929 918 990 908 975 968 936 940 964
946 971 937 918 969 932 993 978 985 942 975 964 909 948 905 988 972 920 938 916 934 942 925 972 923 977 995 924 982 937 998 900 965 943 942 949 931 990 989 908 989 999 984 937 926 978 975 989 932 996 955 900 929 933 988 937 965 981 947 936 901 944 970 988 962 965 981 947 956 982 931 945 947 914 901 959 973 951 920 956 933 950 953 953 995 962 947 900 980 909 989 957 909 943 918 917 980 966 911 961
978 997 982 978 900 959 923 972 947 923 922 947 917 948 975 965 935 951 986 960 910 991 978 951 936 939 907 912 974 979 930 944 963 938 987 958 941 984 958 962 919 902 918 962 935 989 963 979 999 931 952 955 947 908 946 993 966 976 986 969 978 923 948 980 947 908 950 977 966 942 976 958 923 947 974 962 917 983 963 981 958 904 998 904 932 967 989 980 920 919 976 918 940 957 918 965 996 958 958 949
982 905 951 995 995 931 926 961 974 962 974 930 982 972 908 995 900 910 948 907 947 922 973 902 931 971 955 933 922 957 966 963 995 913 944 911 963 916 980 939 994 958 906 905 930 941 951 986 960 945 900 967 986 989 907 903 927 916 974 980 939 974 927 917 972 967 974 990 901 997 973 969 949 902 994 946 930 910 962 991 960 966 996 973 927 999 936 906 996 945 948 918 952 989 986 937 947 901 972 947
956 949 934 999 927 956 965 950 939 923 994 906 968 998 921 992 968 961 986 905 952 946 945 907 900 922 988 912 994 954 979 950 973 937 993 984 980 989 939 972 937 929 930 959 920 980 917 910 906 998 935 908 941 939 941 901 954 975 925 938 927 922 993 928 918 915 936 939 996 931 908 928 971 944 913 938 904 980 912 916 974 988 962 967 924 972 996 916 968 940 959 935 990 900 929 994 933 943 988 931
927 976 958 925 943 995 954 927 927 901 900 909 956 952 952 973 969 929 928 981 934 921 992 949 957 936 917 900 975 963 975 992 901 907 967 937 965 937 972 983 975 936 993 984 921 998 926 918 977 954 987 900 998 906 994 980 989 980 991 956 918 976 926 994 940 923 931 901 970 984 901 956 918 947 905 936 940 918 997 917 906 979 912 958 967 914 904 915 989 978 971 943 982 988 972 907 924 958 977 951
992 989 983 924 959 907 922 972 922 982 978 935 942 935 931 916 919 936 940 972 903 963 987 989 914 956 964 953 915 901 909 917 969 991 937 979 994 963 965 927 946 954 941 986 954 949 910 910 937 983 950 982 968 928 982 965 908 995 978 983 978 938 934 977 929 961 913 914 945 996 905 997 941 920 929 981 923 916 947 947 985 935 916 917 938 993 971 947 940 965 922 917 941 917 901 925 943 900 969 998
940 928 984 976 905 939 969 965 912 968 902 957 999 956 916 969 914 903 901 943 963 999 978 907 929 994 935 929 984 999 922 926 971 955 908 910 906 999 914 928 987 955 959 987 921 943 947 949 979 975 959 949 934 914 989 915 901 945 945 970 921 934 979 917 973 910 920 953 961 926 906 991 959 909 921 984 914 959 959 934 910 989 916 937 902 922 985 973 908 967 976 964 911 997 924 989 996 948 955 926
901 918 964 961 940 928 974 983 946 989 923 961 905 901 958 916 950 998 961 910 981 966 946 916 906 989 944 982 975 997 952 900 917 969 979 945 934 952 951 902 942 957 992 905 947 984 979 920 950 949 979 942 974 921 991 929 964 978 906 904 903 915 979 995 929 913 975 966 902 900 982 980 931 994 920 982 903 939 932 958 978 959 929 953 923 930 997 982 925 926 929 976 995 981 942 918 923 958 937 933
957 940 952 999 929 909 965 975 914 926 960 933 926 982 902 993 981 948 964 952 985 988 927 915 935 976 996 917 908 952 962 917 929 901 990 935 910 967 901 939 997 908 912 958 973 972 906 938 957 946 900 994 939 906 931 981 906 970 977 981 955 949 999 987 990 985 901 937 991 927 970 988 907 951 986 904 989 914 943 986 984 912 925 916 923 993 902 978 915 979 913 973 975 917 965 905 993 970 984 987
950 987 995 905 915 993 995 928 988 972 924 946 997 957 921 902 965 930 992 972 958 945 934 953 937 925 958 987 921 993 944 911 911 902 937 923 948 926 934 934 916 978 961 989 993 951 970 979 969 932 993 923 958 975 907 944 952 988 907 983 996 974 901 928 918 991 965 970 924 960 985 948 928 905 976 956 952 982 995 949 984 987 990 986 900 919 997 995 974 928 925 913 992 934 968 949 945 948 970 930
925 991 939 951 989 968 963 916 948 915 926 992 949 941 980 926 970 909 975 986 981 992 990 951 932 906 932 916 922 989 941 967 907 915 930 948 924 966 920 941 902 948 963 932 934 932 915 914 934 903 918 996 965 915 941 933 905 979 929 954 944 904 939 908 976 934 952 988 908 993 982 953 998 932 963 961 932 973 968 954 951 981 991 948 971 920 982 938 943 942 998 957 901 947 942 951 979 987 961 996
941 978 975 974 969 987 994 912 984 968 916 956 929 902 984 999 900 981 940 962 935 984 956 955 986 957 927 940 955 909 912 955 997 964 955 981 923 982 911 923 960 949 994 901 964 929 900 910 965 958 942 910 915 977 901 974 923 975 998 988 985 919 929 945 981 986 954 984 987 922 947 900 968 972 911 961 994 923 909 921 912 915 957 917 942 943 903 978 940 963 955 974 912 927 968 925 986 982 978 932
905 948 981 971 926 955 973 916 900 963 984 945 973 957 971 949 967 999 992 928 941 912 948 994 915 977 924 963 967 970 963 925 943 939 934 923 911 916 916 951 984 943 908 939 958 981 952 975 956 903 904 976 923 979 969 921 992 923 906 956 913 943 915 936 947 975 989 963 998 913 913 970 966 991 993 993 964 934 930 943 977 929 940 948 953 944 976 964 939 978 914 947 934 994 964 972 917 937 908 994
920 987 913 986 972 901 952 966 900 981 910 959 979 993 968 947 933 926 911 902 986 957 997 925 934 944 957 921 949 974 983 923 971 962 946 974 956 953 981 998 917 988 975 931 960 906 981 940 904 918 922 910 997 971 922 920 971 983 912 998 966 943 939 904 974 987 997 904 968 909 916 977 975 999 947 973 996 970 928 920 901 943 974 975 968 942 907 967 965 932 994 956 998 927 995 932 994 944 945 948
938 918 965 966 907 942 921 992 986 964 970 949 970 906 917 910 998 966 945 987 935 942 922 914 958 983 916 997 934 982 999 987 906 940 928 917 900 922 947 931 988 965 962 908 901 917 967 974 927 911 931 908 938 937 991 905 931 929 941 953 942 905 956 953 983 988 962 956 944 974 967 984 990 965 936 977 904 991 926 963 973 971 932 976 930 921 926 926 925 925 991 999 924 911 921 997 974 936 936 941
100 100
981 950 932 987 910 955 982 991 909 979 927 917 961 967 989 903 947 949 979 916 944 904 996 963 956 929 982 966 912 901 986 904 913 906 951 992 988 906 991 999 911 980 939 946 924 925 951 975 993 978 908 938 983 972 978 921 960 941 952 938 926 954 968 934 904 983 903 900 951 925 993 942 957 950 924 973 939 904 903 933 954 944 936 961 940 963 901 930 990 902 980 979 952 935 972 985 966 984 913 933
959 918 981 938 959 963 931 950 917 988 926 984 985 973 928 950 911 997 945 949 939 960 993 915 985 992 901 937 937 984 972 927 966 913 971 911 955 970 937 930 981 951 921 963 914 945 962 919 974 908 973 987 951 949 939 974 999 905 914 928 969 930 974 973 932 944 997 992 943 944 998 943 983 956 937 914 935 953 994 943 912 931 926 944 961 908 907 997 986 982 930 963 917 941 984 978 969 995 991 976
963 924 998 993 902 973 938 947 935 941 974 997 952 978 910 924 985 968 939 973 995 930 959 938 943 930 972 904 983 952 988 937 917 954 930 928 978 917 900 944 990 906 995 943 950 922 975 946 957 925 995 978 983 996 917 968 962 924 910 924 948 956 995 938 983 908 927 996 974 968 911 940 960 950 929 974 964 924 900 920 933 902 994 926 933 962 934 988 929 964 976 936 963 916 917 909 921 966 966 936
951 985 903 998 950 946 958 911 972 982 982 961 960 911 998 993 956 965 939 989 906 951 958 977 963 966 960 954 996 973 949 953 928 906 947 921 937 995 981 940 956 988 987 964 907 929 922 971 954 976 959 932 976 902 919 969 993 974 995 934 971 916 915 915 967 933 960 918 918 987 918 966 996 930 926 958 933 915 965 958 983 918 939 910 952 944 900 945 951 931 908 938 999 996 983 928 949 963 968 933
927 987 948 952 906 913 958 939 993 955 925 944 935 901 944 953 986 913 969 911 909 916 947 966 983 999 955 930 994 950 996 968 900 906 926 953 929 993 940 918 934 990 968 929 981 940 969 955 974 930 983 997 967 955 949 971 990 950 918 995 981 995 949 974 996 979 950 935 961 942 930 997 991 909 915 950 958 965 980 998 966 952 996 988 934 980 917 934 901 963 992 929 904 970 947 988 964 957 903 908
937 925 915 946 969 970 974 966 979 923 985 914 958 946 974 921 991 979 969 999 974 901 993 925 904 935 995 951 937 941 980 947 909 904 994 967 974 983 962 964 964 944 980 968 982 920 956 909 959 941 976 962 970 989 928 976 988 940 900 930 997 965 922 970 981 928 985 984 945 978 989 946 986 972 957 973 974 926 917 910 949 967 950 972 990 996 905 902 914 949 976 995 941 947 999 937 947 911 980 995
969 909 914 965 937 987 953 982 954 983 955 904 932 989 970 978 957 963 931 911 981 917 990 946 922 962 983 921 926 931 968 905 914 976 960 976 984 974 956 951 933 976 900 916 936 987 980 994 922 947 920 977 908 982 923 965 965 938 993 987 945 968 964 995 906 904 915 928 979 945 972 901 978 983 989 962 908 988 957 915 909 910 971 902 993 919 982 984 918 908 917 939 952 927 901 960 915 907 914 966
908 934 949 984 966 934 945 935 937 952 912 982 912 950 994 960 974 945 975 931 901 900 908 938 971 902 962 909 986 931 937 962 976 973 995 939 924 920 919 903 929 989 965 979 902 967 910 977 901 993 927 953 995 934 955 994 961 976 980 904 961 906 946 988 942 975 935 981 975 975 963 985 914 923 927 929 938 906 986 944 916 988 947 904 977 937 955 955 907 920 973 922 994 935 950 990 919 972 904 913
909 929 980 928 902 933 976 916 988 917 953 928 996 969 921 990 936 945 941 932 936 941 909 907 917 954 939 952 926 907 957 936 922 919 925 971 901 961 917 914 961 935 964 918 954 902 934 945 930 941 992 910 996 966 912 993 952 992 940 977 951 963 964 986 924 990 964 965 987 983 994 998 933 939 961 996 965 996 910 924 974 946 905 912 962 976 997 902 902 998 938 937 983 950 968 999 924 939 975 935
974 980 926 968 941 998 930 902 985 988 925 999 961 964 969 930 907 926 921 922 984 998 960 944 960 947 927 952 974 995 937 940 989 967 962 978 903 973 945 985 978 933 937 972 977 934 985 930 969 902 975 959 908 977 942 909 943 921 940 924 926 927 965 910 909 906 963 907 968 959 950 984 967 983 963 996 940 905 978 955 964 983 951 936 998 984 969 906 942 998 978 923 996 958 918 911 921 920 928 997
963 910 943 989 925 954 992 931 904 994 944 972 976 971 935 946 950 942 949 978 990 915 970 971 939 958 984 955 995 941 981 908 901 946 948 901 935 968 950 962 928 927 958 972 962 930 932 981 937 921 987 965 919 906 920 947 988 972 981 985 942 985 940 949 947 973 937 939 921 925 956 951 970 919 910 921 946 937 901 985 940 930 940 988 914 924 903 933 959 993 941 922 934 938 951 968 955 999 998 968
903 908 951 975 913 966 960 924 916 921 962 968 958 976 977 960 915 986 947 907 969 942 906 984 919 938 925 974 925 996 920 970 916 918 939 964 956 944 966 989 940 947 951 928 903 944 952 998 966 939 937 914 933 966 981 917 944 979 945 923 990 939 935 903 975 974 950 927 969 922 909 954 945 942 919 993 921 910 929 912 936 933 949 915 902 927 974 977 916 923 938 955 909 931 912 951 938 962 931 911
927 990 914 922 903 960 962 997 955 994 962 926 987 902 934 946 908 956 952 962 941 975 988 982 923 903 956 940 978 968 911 987 986 915 962 941 946 994 960 964 944 939 912 901 999 922 901 968 921 912 950 966 939 975 917 928 918 987 960 928 972 947 949 903 937 931 929 911 982 902 949 961 948 981 973 904 977 960 959 994 980 969 949 928 906 937 935 920 903 995 950 966 950 943 946 917 914 989 904 928
927 928 960 951 931 956 901 944 946 943 957 978 947 910 986 947 906 902 985 962 994 925 979 970 910 975 914 977 901 911 927 984 973 944 930 936 922 918 998 916 971 908 913 938 927 934 907 975 950 949 953 948 948 934 940 909 951 988 989 970 936 917 953 944 986 971 962 912 975 910 990 967 940 999 939 978 912 954 906 915 937 998 985 980 969 984 977 979 952 966 948 927 927 916 970 955 903 974 990 991
933 946 952 919 922 988 920 976 932 906 971 962 917 917 993 931 944 951 971 916 940 910 916 919 965 968 930 924 990 960 991 968 921 920 906 924 908 934 960 949 947 996 962 961 997 924 918 981 955 929 901 919 914 961 940 916 948 957 904 953 975 985 901 963 925 953 947 970 976 937 973 903 964 969 968 989 990 911 994 927 971 936 944 950 971 922 961 953 930 936 953 975 952 943 988 954 925 949 980 981
969 985 968 954 965 986 939 977 957 940 937 998 985 934 926 914 930 921 943 960 958 970 920 958 918 997 966 927 954 983 922 975 909 979 915 932 928 958 995 950 986 929 931 922 938 912 967 973 966 911 939 919 992 935 903 903 919 908 957 919 906 971 989 995 960 926 948 949 970 957 949 925 971 980 991 902 955 922 969 926 973 978 921 958 953 920 913 906 993 986 918 912 959 947 936 955 917 967 927 903
940 966 954 985 930 928 988 993 991 916 990 987 920 950 915 947 981 940 909 948 968 923 952 969 942 953 971 971 980 983 937 921 983 956 995 974 991 933 909 913 913 949 982 966 926 948 995 905 902 911 939 978 978 922 977 982 975 902 924 966 962 990 938 990 963 935 968 998 971 901 981 994 929 993 986 969 934 942 958 930 945 987 916 933 977 970 902 994 957 948 951 945 981 952 985 942 960 985 981 905
990 948 956 933 952 955 959 927 973 965 905 941 987 948 970 932 910 939 963 990 984 929 901 900 974 987 929 966 974 921 969 991 950 979 920 958 977 912 970 935 927 953 987 967 942 927 945 929 972 936 920 964 981 989 922 927 915 929 936 944 946 969 908 906 910 998 907 966 900 993 972 979 953 964 997 943 909 999 974 938 953 950 975 938 918 999 991 937 956 979 911 998 930 908 965 916 993 953 914 958
994 945 929 944 987 927 951 999 917 936 939 911 993 947 934 997 995 910 944 982 943 951 967 973 968 973 998 929 944 913 923 991 981 959 952 940 957 947 943 956 918 946 943 980 936 971 914 945 909 955 999 951 955 952 945 902 969 972 995 981 928 973 967 964 993 964 995 909 977 950 909 984 929 933 990 975 904 964 948 923 916 937 901 992 968 946 949 930 933 988 960 925 988 919 913 913 955 964 941 956
986 971 924 920 907 977 990 913 937 923 994 949 938 948 957 935 976 984 909 950 907 907 946 961 906 977 986 983 977 946 997 910 991 910 986 933 963 958 959 918 968 975 954 937 972 992 906 985 941 977 973 921 911 967 974 973 901 921 965 978 922 955 969 955 998 933 929 914 972 984 951 964 909 992 972 924 977 966 942 956 999 955 989 928 992 982 996 994 940 965 920 952 985 926 975 923 974 970 946 953
930 956 966 943 973 976 943 938 984 953 938 939 904 968 922 964 915 977 990 955 953 909 956 903 921 969 943 942 914 951 932 917 979 969 924 924 952 952 960 988 981 909 955 973 974 942 937 977 933 925 957 946 975 981 904 914 940 974 970 933 985 934 993 982 955 969 995 903 911 972 912 992 929 986 944 966 953 945 994 995 925 995 916 908 989 911 992 946 907 972 936 908 985 981 936 981 924 951 923 958
947 908 997 966 925 956 999 923 966 999 926 901 928 912 916 964 989 985 939 963 961 995 990 951 903 975 981 928 945 953 919 914 922 929 933 969 990 926 952 928 900 940 981 945 987 987 913 918 908 901 912 994 908 998 964 930 912 935 941 950 929 912 944 913 964 969 936 983 935 955 988 995 991 915 911 969 972 927 998 975 995 929 995 995 949 937 946 920 989 946 991 954 912 934 991 957 949 937 991 943
953 939 952 960 918 973 943 970 969 952 992 902 938 905 918 980 934 967 920 947 937 939 932 962 912 934 943 991 950 979 940 953 929 910 947 903 949 938 953 913 995 964 976 915 965 977 906 929 924 906 978 937 955 959 916 930 972 905 969 922 922 928 926 967 990 986 977 943 979 981 919 992 957 989 903 976 954 900 996 998 941 925 991 939 965 968 931 973 962 965 945 945 940 913 983 907 933 983 962 925
905 917 907 989 950 969 909 914 992 932 967 981 993 966 933 960 915 929 994 946 908 921 983 979 932 988 974 941 990 975 957 995 918 977 972 924 960 993 998 942 922 991 905 922 951 981 952 900 992 942 959 957 953 926 984 908 972 994 985 996 952 991 964 977 997 984 905 912 944 937 945 932 954 913 989 900 902 924 965 968 931 925 997 973 949 929 972 949 922 908 922 983 960 979 995 983 979 973 983 936
922 904 954 987 965 939 965 967 928 907 976 937 982 976 975 937 984 933 998 954 913 922 900 924 962 942 902 913 930 988 946 967 908 912 943 959 942 945 925 932 985 950 928 962 989 922 942 935 995 967 974 902 987 900 991 949 908 928 911 959 911 971 946 981 919 921 986 930 938 942 934 972 933 984 957 986 994 981 974 947 993 962 989 914 986 918 981 967 948 916 920 939 973 978 941 985 975 941 976 974
908 998 934 921 915 951 920 973 964 931 967 994 979 946 996 984 984 999 975 984 913 935 985 972 981 986 924 997 932 970 935 915 924 965 981 963 974 914 907 981 963 939 945 966 985 953 986 971 983 963 996 952 976 997 924 926 950 975 975 915 965 989 961 995 950 967 974 975 929 936 928 912 998 939 913 980 964 935 948 933 982 950 989 997 910 955 996 999 984 970 985 904 990 942 971 941 987 940 971 986
927 943 904 909 961 920 916 945 902 939 967 967 915 951 997 924 917 994 978 903 979 914 986 956 943 986 922 966 977 915 990 942 921 985 925 936 924 921 923 984 998 973 945 964 958 980 975 992 958 978 904 925 983 944 983 929 986 919 919 927 984 936 920 984 952 978 936 905 927 983 935 982 906 925 949 981 907 928 923 924 913 967 962 936 908 969 960 992 975 990 962 941 990 939 982 958 950 947 983 988
912 958 996 983 916 965 929 976 919 953 974 907 983 964 927 913 989 917 943 917 990 909 955 984 981 918 987 920 979 992 946 935 925 954 985 988 969 925 976 959 956 942 948 929 946 989 906 924 917 916 926 908 992 964 954 942 964 945 959 940 970 904 984 981 921 912 910 967 923 938 921 973 921 957 900 906 922 910 938 936 955 977 965 995 929 918 943 960 911 965 964 984 970 953 935 915 918 952 919 973
933 925 916 983 932 930 997 986 966 998 981 915 941 943 979 973 914 916 990 916 913 913 929 915 931 991 986 994 957 919 932 964 965 975 992 944 982 938 969 985 981 966 921 977 920 962 900 919 933 938 982 977 982 927 950 915 954 913 930 925 985 911 945 912 969 913 963 957 999 938 992 979 999 999 989 952 933 984 910 983 992 989 981 976 909 995 906 994 944 964 930 948 959 951 925 911 944 964 948 988
929 911 998 990 930 925 912 925 953 947 985 933 963 953 980 978 908 964 958 924 924 944 959 900 960 921 909 958 940 900 986 968 984 930 990 953 925 928 911 965 912 952 953 997 956 955 936 954 914 952 991 994 987 999 904 942 907 942 982 901 928 951 928 979 965 900 958 979 962 993 968 927 940 920 941 948 917 958 981 917 982 989 942 990 936 925 928 930 993 932 959 992 934 926 991 940 931 925 999 921
921 942 964 984 939 989 963 904 990 967 961 939 916 992 964 937 970 958 995 971 960 917 983 997 954 912 979 928 931 999 918 971 908 966 919 985 938 908 963 985 954 945 959 959 968 949 976 974 966 914 983 950 974 912 975 916 927 925 991 988 996 938 981 984 901 908 950 973 921 930 954 950 960 943 908 969 933 966 978 979 938 964 918 931 918 913 955 972 982 936 982 952 906 962 919 956 932 977 916 980
954 984 929 921 945 902 920 933 917 987 954 962 943 959 945 947 922 948 934 999 954 946 952 966 912 996 970 960 947 931 916 918 978 978 996 951 912 990 969 955 989 997 919 940 944 907 979 978 904 918 985 933 918 924 904 935 952 968 932 968 940 914 959 924 906 999 945 978 976 963 977 906 901 992 957 909 924 931 947 987 950 991 946 962 952 996 911 940 975 978 999 947 972 925 999 925 937 985 944 972
978 964 961 977 939 908 929 917 997 912 945 900 987 947 976 913 927 998 969 937 914 913 936 960 971 991 970 954 919 901 923 991 988 916 927 916 970 915 946 972 900 921 959 929 934 908 952 914 980 915 984 996 970 960 990 940 993 930 945 903 942 923 943 915 929 974 953 903 906 974 998 974 914 932 914 953 975 937 927 960 910 919 976 990 901 971 934 986 973 943 924 993 976 909 986 993 929 935 938 928
988 995 990 914 944 902 923 916 943 927 993 957 968 922 952 953 984 987 973 950 966 929 918 960 992 923 910 913 977 974 942 969 939 999 907 980 982 957 916 936 929 962 928 931 915 942 900 954 930 953 982 922 944 927 928 966 904 925 916 935 916 987 958 971 948 959 938 901 938 972 908 985 949 947 919 989 982 923 918 958 942 988 925 966 931 934 980 918 947 904 921 912 966 934 919 993 907 903 924 984
960 962 906 927 943 986 985 957 921 969 949 933 914 940 943 973 952 970 973 929 941 925 957 995 948 906 968 987 946 980 921 967 906 950 954 974 957 954 982 955 979 988 916 902 988 932 944 911 961 944 900 999 906 916 955 946 974 938 941 917 939 962 919 986 914 965 923 941 915 907 970 912 998 955 953 907 942 925 972 955 929 922 994 957 959 916 942 907 950 948 952 980 986 923 921 934 951 973 904 971
981 984 961 973 935 942 943 968 983 950 940 930 950 983 940 916 989 992 907 945 956 966 950 939 925 983 965 906 996 918 919 930 935 941 976 940 983 994 983 932 985 919 905 997 951 973 927 962 949 994 941 991 919 975 997 939 946 965 915 966 919 919 980 930 939 904 901 915 933 947 910 964 909 932 963 911 933 943 975 937 969 995 957 948 963 924 943 927 913 909 966 929 997 932 982 922 987 907 947 955
959 936 974 909 929 955 919 966 985 901 973 960 938 923 914 922 935 934 972 954 934 990 966 971 983 904 919 931 922 921 986 988 984 959 937 951 973 958 977 906 962 956 946 923 904 936 924 946 955 904 996 972 998 950 901 912 950 923 905 921 955 913 939 901 950 947 976 982 915 989 906 938 917 900 962 970 901 967 970 951 993 908 996 997 986 926 918 988 972 966 904 939 946 936 955 970 980 956 920 999
939 954 934 982 981 964 906 992 900 986 991 953 924 962 996 952 988 978 946 930 925 960 992 935 938 970 974 982 946 967 994 906 985 953 960 979 913 950 969 906 984 922 946 962 922 968 920 925 909 912 922 929 991 978 977 992 964 941 942 906 992 926 932 922 968 964 997 954 965 974 933 935 940 940 994 912 991 988 971 990 999 997 934 923 985 980 985 920 966 959 933 930 947 970 981 964 947 942 997 969
958 962 964 984 976 909 912 903 912 928 929 920 955 901 983 936 944 953 968 943 979 967 994 954 984 924 989 972 933 965 912 990 988 906 919 942 934 918 916 924 967 900 901 951 910 963 947 907 964 983 918 977 925 910 931 967 986 995 979 996 969 933 910 942 901 928 946 984 977 939 936 909 909 987 954 943 996 972 920 966 929 929 918 982 942 952 956 987 926 938 967 905 905 934 934 940 974 901 959 942
962 924 981 924 981 937 921 946 953 926 901 958 934 902 911 907 994 911 911 993 902 980 940 906 961 994 923 945 944 964 963 932 960 905 923 904 946 935 967 979 984 950 926 901 991 905 999 946 945 952 977 965 909 917 935 901 918 917 964 939 923 942 961 926 988 928 921 913 980 932 911 907 905 974 978 921 939 939 975 904 936 913 990 978 983 986 964 994 952 953 918 980 968 932 969 961 914 958 980 962
959 974 903 987 942 994 935 963 913 978 947 914 933 923 900 943 937 938 950 914 962 999 938 951 931 903 982 942 990 901 946 989 980 998 936 915 995 991 900 974 931 953 950 920 966 922 967 920 957 942 946 905 953 926 921 923 947 910 926 945 963 961 978 968 953 956 958 963 942 916 944 932 983 962 914 993 913 922 936 915 990 967 993 962 927 907 917 981 928 950 910 962 976 963 958 939 956 975 929 988
905 959 961 976 910 940 930 941 991 955 954 952 923 962 959 950 922 925 924 996 969 918 980 935 914 940 991 920 944 997 969 935 915 937 952 916 953 931 907 951 984 946 928 923 965 995 925 947 931 970 945 996 938 902 985 914 955 988 979 930 928 957 988 972 929 925 985 910 947 962 914 937 912 945 984 937 932 944 959 996 943 947 913 913 944 955 984 981 971 932 945 989 963 929 984 979 992 919 979 949
994 975 912 943 904 925 966 962 992 999 975 991 918 925 954 960 938 925 908 992 951 981 994 983 946 994 912 951 947 987 966 938 980 955 932 961 995 929 973 920 925 955 910 943 943 918 922 931 997 998 922 909 975 987 969 912 980 928 934 902 932 986 968 912 998 956 990 903 992 921 946 919 994 920 944 974 915 901 908 997 958 953 935 928 916 969 992 999 943 909 988 902 994 999 921 949 971 997 976 990
916 992 919 993 905 942 908 959 910 982 907 954 987 929 988 905 906 947 953 982 992 921 985 948 968 947 938 900 982 940 994 932 949 967 945 902 910 937 984 929 991 918 987 915 958 970 954 924 920 925 968 935 943 906 968 918 990 923 907 946 956 933 909 924 918 925 943 950 929 956 947 955 927 925 922 946 912 911 987 933 991 959 940 984 953 953 981 994 996 971 958 965 926 981 953 960 990 984 911 931
976 977 951 901 970 996 961 908 985 932 971 915 979 959 974 904 982 972 916 969 913 974 958 987 963 981 936 926 941 951 963 981 956 957 902 954 993 984 964 998 944 928 941 902 959 974 960 901 960 988 967 950 911 902 992 948 987 984 914 919 921 989 927 952 949 913 914 960 945 983 937 923 968 948 984 930 930 944 998 954 937 906 938 900 995 984 917 962 984 960 945 914 962 923 964 947 935 919 946 901
944 911 982 984 990 916 974 904 941 969 938 968 928 933 976 937 986 943 901 937 961 904 988 955 996 936 980 986 987 950 965 980 968 986 906 971 938 974 988 919 916 978 933 994 901 919 907 968 923 918 972 910 907 998 968 986 975 918 999 928 922 926 937 971 903 949 993 934 908 931 900 948 987 940 938 980 908 965 990 910 994 970 981 991 907 979 906 907 961 941 974 976 975 924 922 934 989 993 970 906
965 966 964 921 988 944 956 992 932 942 936 954 922 918 946 978 978 992 990 994 960 964 979 997 905 971 946 909 934 963 991 967 924 902 943 946 952 997 926 955 910 907 914 987 996 908 901 900 920 952 943 984 902 996 945 964 953 934 914 957 924 940 998 974 988 968 932 921 911 972 923 941 919 978 968 973 902 934 992 902 952 973 972 927 986 948 984 989 993 960 925 980 951 929 938 910 901 996 945 988
905 905 966 994 915 924 977 981 985 963 967 975 925 907 920 959 902 941 989 905 909 968 979 995 947 948 975 948 998 985 988 956 909 904 951 951 992 981 943 971 997 919 905 958 979 995 952 961 977 933 962 950 912 905 951 988 920 990 978 934 914 976 943 957 964 956 998 967 948 975 988 931 981 993 903 958 942 958 984 965 950 946 925 935 972 978 908 924 962 926 999 970 989 937 957 904 914 930 911 961
914 986 921 940 983 976 930 933 925 951 993 998 956 975 902 936 915 958 979 903 952 938 942 908 942 942 938 962 909 908 993 990 913 932 988 944 957 994 948 963 940 947 918 983 913 989 916 923 943 960 967 981 938 978 967 996 913 948 924 959 970 961 903 965 917 974 996 946 924 987 985 983 971 947 972 911 935 913 980 978 995 925 975 920 935 928 925 948 914 970 989 962 901 986 941 978 977 926 966 919
936 925 906 934 920 939 980 943 935 966 982 968 931 990 903 945 903 934 904 980 996 931 918 944 901 933 927 979 905 902 906 911 983 965 992 991 946 998 983 969 988 967 904 933 964 987 936 916 996 938 983 967 960 981 912 952 974 935 978 942 945 922 998 900 900 931 976 954 964 957 915 997 945 928 954 941 971 927 909 944 955 930 989 951 909 962 955 939 979 972 950 993 914 915 960 951 984 952 973 952
979 952 951 993 959 988 947 933 953 990 993 982 936 964 948 973 902 929 939 936 911 998 907 923 961 938 906 996 958 943 941 981 926 969 935 913 939 901 906 972 998 965 994 953 922 910 904 962 943 960 956 910 975 996 906 903 999 905 961 938 996 973 955 972 956 944 937 927 945 987 997 950 930 969 953 992 965 941 921 935 926 978 975 906 909 937 921 917 954 938 962 997 998 917 968 998 975 984 951 995
934 997 923 986 915 983 950 915 956 978 982 965 929 964 961 949 919 967 927 973 909 980 961 913 979 989 974 925 990 938 962 986 905 967 963 918 978 926 949 939 988 953 910 965 944 954 966 924 987 942 965 971 905 907 953 984 949 976 975 908 945 975 987 977 996 973 986 995 995 950 991 939 945 983 936 964 922 939 949 914 952 905 908 960 990 942 928 960 901 975 907 948 943 929 994 987 916 922 976 964
998 983 960 900 963 914 935 988 947 971 948 996 996 911 921 913 975 980 988 954 924 976 962 962 927 949 960 963 945 984 996 999 990 939 901 923 918 964 969 972 975 978 912 956 978 915 918 965 986 987 949 911 943 958 906 915 942 962 960 965 915 912 966 964 938 931 977 968 945 952 914 942 978 990 999 992 912 908 936 975 917 909 915 961 927 947 903 915 910 995 903 928 953 924 977 904 992 956 926 905
904 973 978 986 927 976 950 939 946 968 933 922 926 928 939 936 926 975 959 981 929 924 944 955 933 963 909 915 946 964 953 957 976 972 982 910 904 900 929 928 968 984 928 917 996 961 933 937 907 909 997 921 971 989 987 937 909 910 940 981 941 923 965 983 990 932 925 983 907 978 927 924 999 956 966 963 960 977 947 957 968 947 998 913 950 905 918 915 980 979 984 935 948 944 980 955 918 923 994 935
945 926 992 933 935 938 962 959 903 910 913 910 996 988 965 954 943 907 911 964 931 979 972 970 976 974 950 914 970 943 970 976 994 959 940 901 959 997 983 972 967 941 967 902 959 903 967 992 904 960 953 993 922 997 901 917 943 976 926 978 994 927 980 908 939 948 984 969 947 935 968 962 969 985 913 934 985 932 995 952 969 952 921 920 930 977 999 917 933 995 913 935 935 982 983 920 952 911 914 959
954 914 915 904 937 936 914 951 969 942 937 976 994 961 981 991 928 949 983 948 977 992 920 943 968 964 959 991 933 928 947 960 995 978 962 903 984 973 916 905 991 944 913 904 907 990 944 975 951 920 966 975 971 953 987 976 910 909 953 933 926 984 991 953 955 996 901 989 911 923 920 954 985 934 916 903 995 987 913 981 951 996 996 942 989 961 987 953 988 909 908 912 950 964 939 904 974 918 929 966
930 942 991 935 958 959 924 948 956 910 948 985 925 959 969 977 981 945 977 963 984 997 936 941 997 956 924 942 906 940 956 920 949 901 979 981 956 981 992 922 961 958 945 971 916 914 932 911 969 923 923 969 967 962 981 935 942 906 934 985 987 981 960 958 995 975 963 900 991 991 939 940 973 992 926 956 944 918 989 950 908 925 987 901 940 902 948 965 932 971 947 903 926 963 929 900 936 926 944 910
973 947 948 905 901 974 986 954 932 928 926 958 999 948 963 952 978 996 957 982 975 961 901 964 972 961 960 906 935 961 945 916 923 900 917 965 946 957 972 941 919 962 933 914 968 939 962 916 983 947 912 984 956 946 921 994 916 980 981 995 927 945 974 978 900 944 946 933 951 952 928 982 979 911 987 936 957 961 959 938 955 929 916 988 920 938 926 932 951 912 941 979 998 960 918 931 912 948 996 964
935 901 987 904 957 973 961 965 909 976 986 923 974 987 984 937 932 999 907 975 993 940 945 933 949 964 986 995 930 932 989 981 982 990 986 924 944 903 900 992 978 990 956 994 953 969 990 973 932 977 943 914 990 982 946 936 935 923 974 958 955 941 916 958 926 957 978 938 900 916 925 946 954 951 973 942 997 961 936 984 985 941 928 965 922 970 923 985 925 905 946 909 907 974 920 965 908 985 986 919
956 958 977 939 926 982 921 903 915 915 943 956 933 991 935 918 980 991 940 919 949 958 992 916 956 923 958 927 919 967 990 988 937 972 961 912 935 984 919 979 995 921 919 975 916 968 900 995 984 900 915 996 917 946 904 930 943 919 932 984 954 933 979 918 927 963 993 985 949 921 977 945 918 974 903 953 981 914 921 912 952 946 900 948 973 990 971 989 979 963 999 952 961 938 965 920 989 961 917 939
994 930 996 913 900 912 958 917 966 979 953 997 940 942 914 905 921 933 954 909 919 906 993 986 934 903 902 991 917 954 967 917 905 917 950 995 928 910 978 978 966 998 964 914 995 959 963 938 992 916 941 940 942 943 950 934 916 915 952 968 945 954 981 954 991 969 941 900 907 985 997 915 986 932 997 963 929 909 903 907 983 943 910 970 918 964 918 967 903 938 959 908 932 941 959 978 922 911 973 960
959 991 933 924 921 962 976 989 937 984 954 940 917 985 984 941 922 938 918 931 931 955 948 938 925 913 992 995 921 931 940 949 950 934 991 966 936 960 921 940 977 914 972 995 947 921 937 973 975 918 917 901 974 930 906 926 990 920 926 940 919 982 963 917 929 993 916 989 933 974 903 915 988 981 986 971 918 954 900 930 900 981 986 947 909 922 992 957 970 996 930 919 948 990 962 902 957 942 903 917
973 960 909 939 959 957 901 905 951 969 993 968 999 962 988 978 916 991 966 999 915 976 930 957 985 918 988 948 985 933 982 964 943 916 949 913 948 914 919 963 993 974 949 951 906 962 926 937 925 978 928 924 964 994 930 907 953 947 979 957 997 997 922 918 930 954 941 998 942 999 986 941 909 917 980 913 993 906 962 930 922 922 915 949 942 900 964 975 991 903 950 939 912 959 927 920 912 938 915 942
902 909 900 943 904 976 985 903 949 918 976 996 951 994 907 926 912 939 939 986 953 963 935 907 995 938 905 976 907 900 915 963 904 927 924 990 926 907 949 908 930 952 913 925 909 969 920 978 915 907 956 939 987 957 923 923 910 973 971 932 985 913 973 971 906 936 964 985 927 930 935 929 943 967 900 994 914 952 946 995 945 963 948 962 964 909 953 920 996 917 978 901 969 923 994 940 959 918 986 967
949 965 920 998 973 937 906 945 907 958 985 976 980 994 954 943 900 926 948 957 980 912 961 966 957 995 912 909 962 901 961 970 949 985 954 958 969 980 953 950 943 931 905 962 981 900 977 992 932 900 930 940 964 924 955 984 977 959 924 925 947 975 960 981 965 958 962 957 968 967 960 927 972 922 953 978 903 965 956 929 918 982 995 902 910 999 946 918 934 911 914 979 973 910 982 950 912 913 938 970
934 949 957 973 954 979 916 961 960 911 991 976 968 974 944 906 997 991 963 993 996 943 911 982 926 910 926 920 977 991 930 978 934 993 963 941 919 959 954 943 941 964 914 939 918 968 995 976 984 907 909 915 997 902 979 987 967 919 955 946 906 964 967 914 936 924 999 916 991 935 908 940 961 936 962 935 937 985 954 941 945 991 919 946 950 968 984 991 953 957 918 991 939 981 987 992 907 932 980 990
994 910 923 931 922 970 941 958 975 933 906 970 961 906 946 961 972 942 973 917 915 943 924 920 901 916 941 911 933 996 970 911 905 916 973 905 977 990 926 943 939 942 932 958 942 920 908 992 971 950 939 936 995 973 973 950 905 959 972 924 957 926 914 927 957 928 973 914 942 903 957 931 905 939 976 915 946 970 938 935 945 908 964 952 943 983 976 912 975 906 942 945 997 917 944 995 994 957 959 925
928 977 915 923 985 973 905 918 989 932 928 907 956 935 901 916 953 982 981 956 943 982 945 959 987 937 990 982 904 912 993 976 930 906 907 912 994 908 967 903 953 916 961 959 947 945 946 989 940 950 994 919 931 929 921 919 924 911 926 915 944 917 912 957 911 974 938 940 910 934 913 916 953 954 972 941 991 977 952 919 930 979 986 903 931 967 974 913 950 995 953 975 972 902 981 971 905 984 975 944
938 979 934 921 977 922 935 983 932 965 965 962 973 984 980 981 920 996 912 903 983 949 957 900 935 987 954 955 912 905 929 952 937 975 959 902 967 992 924 954 998 926 948 918 962 950 930 946 937 928 982 928 969 916 933 963 923 919 923 979 928 911 904 967 951 953 968 993 946 932 967 951 911 993 954 959 999 957 972 919 971 938 960 977 904 972 928 944 957 990 989 971 963 910 928 922 956 935 907 908
997 943 987 986 953 939 999 944 973 966 938 964 933 901 913 995 999 965 935 992 926 953 999 903 939 923 927 995 976 939 935 985 965 998 951 921 960 967 932 966 971 915 978 966 934 918 973 965 903 950 953 931 957 939 979 975 964 930 939 992 934 965 906 906 981 987 971 913 915 928 989 941 976 902 963 967 983 915 905 999 902 994 964 985 908 931 958 913 941 977 900 971 919 918 963 903 911 988 930 994
984 928 944 976 902 952 924 933 910 933 960 962 921 916 924 982 950 938 973 966 974 935 919 943 989 904 974 996 959 952 979 975 988 966 970 971 980 962 959 951 939 974 983 989 903 910 974 934 925 918 950 918 906 937 971 933 949 976 921 959 924 984 983 991 995 976 987 907 985 945 983 998 925 909 992 943 972 993 966 938 917 936 984 973 997 918 975 994 900 988 964 945 933 942 943 948 959 959 971 996
924 952 916 963 944 944 974 949 900 983 920 950 949 992 907 927 968 994 955 980 988 954 992 997 974 939 914 943 965 931 984 900 932 976 947 971 967 927 942 973 914 992 950 997 973 906 967 911 996 959 965 919 936 950 983 955 965 992 917 968 942 998 934 924 995 939 937 940 948 974 958 905 960 991 925 907 907 995 957 932 918 904 944 982 982 994 957 912 946 957 940 928 995 916 931 914 925 943 964 905
940 936 996 974 951 942 948 925 930 967 910 995 904 972 947 969 963 967 969 930 999 926 985 957 954 991 916 931 978 977 998 944 962 959 953 992 969 951 910 955 945 920 923 984 942 914 990 981 988 986 952 925 927 956 956 957 945 980 935 900 930 903 918 999 996 928 976 942 976 960 931 921 981 931 907 926 943 988 975 931 995 919 930 933 999 972 969 984 975 984 928 924 968 956 987 991 986 936 950 949
945 925 910 942 977 914 932 913 969 926 990 931 915 948 970 971 941 944 908 992 959 982 931 994 914 982 914 984 949 992 901 955 986 909 973 970 916 978 933 931 977 950 970 945 911 956 975 947 987 916 932 976 919 900 941 906 969 957 978 929 934 923 997 958 992 904 999 987 937 970 952 932 908 937 965 932 907 919 988 987 935 970 901 907 908 957 948 900 956 961 921 958 970 951 950 979 945 925 902 971
998 980 996 967 983 978 916 956 927 940 900 968 985 920 916 934 983 974 970 924 918 998 932 915 935 953 943 947 971 927 920 913 972 917 995 943 913 935 959 966 939 919 938 960 931 966 934 905 929 992 924 908 921 989 922 913 953 969 919 957 994 959 930 908 941 913 920 939 919 995 969 946 974 924 918 931 966 972 917 944 935 980 960 987 929 976 970 942 903 933 995 926 946 971 958 989 997 989 963 951
905 907 935 924 961 988 988 983 975 974 989 991 914 997 900 970 915 988 900 980 934 916 901 943 957 943 955 984 945 920 979 967 940 967 979 982 987 903 923 984 941 965 992 956 908 996 909 905 900 907 942 918 974 904 964 916 987 942 973 970 992 930 938 996 994 912 976 912 945 961 944 915 977 952 986 992 957 939 986 931 973 960 913 914 913 961 909 977 946 948 919 911 948 951 926 950 953 929 972 960
917 981 929 910 968 906 922 941 961 905 906 919 900 984 912 935 952 924 954 916 904 978 962 970 969 908 931 989 911 948 961 997 974 974 940 914 933 996 970 970 951 960 998 928 994 996 971 936 951 939 926 908 961 998 916 960 951 906 970 953 953 914 927 972 919 936 910 942 974 995 984 984 911 988 965 959 936 918 966 919 919 965 949 963 957 997 928 974 968 962 932 910 924 986 992 984 924 949 914 949
914 943 921 918 920 925 958 931 946 976 971 957 947 936 922 981 937 920 927 950 903 944 973 925 982 930 909 909 987 930 996 926 910 903 986 974 920 973 942 951 918 959 916 986 919 930 940 981 918 960 917 943 948 920 970 989 992 963 993 954 992 984 936 946 926 993 917 999 974 933 994 927 932 996 932 973 965 997 971 941 941 991 986 901 946 903 950 954 992 945 974 956 911 993 955 997 905 921 909 977
957 919 941 997 975 974 976 950 992 921 912 992 993 908 912 939 929 992 919 981 903 910 985 955 933 947 997 930 962 941 908 999 995 949 961 992 937 919 978 965 912 923 936 905 992 906 959 984 992 957 930 963 911 933 932 923 949 934 950 993 960 921 928 965 918 954 922 927 995 902 920 990 991 937 987 912 965 978 959 942 939 943 936 908 937 950 906 957 925 915 945 941 998 937 980 963 932 990 984 952
918 938 973 963 951 936 976 942 975 909 909 934 940 993 976 906 946 969 980 982 992 936 977 988 991 923 920 983 930 984 915 979 984 966 956 921 983 978 935 989 986 996 908 940 962 919 900 965 977 910 920 917 968 900 929 934 928 970 968 964 993 960 920 926 971 993 986 979 942 911 958 979 939 977 947 996 990 974 972 921 942 973 948 948 912 920 914 954 943 968 906 960 958 921 967 977 993 950 971 903
948 959 927 947 915 916 931 919 927 909 926 943 925 994 914 936 945 987 921 967 942 926 941 973 925 901 999 990 929 950 939 999 971 932 953 936 983 962 971 966 935 985 930 967 988 919 908 914 957 954 915 919 958 964 918 906 945 962 994 992 912 969 947 999 928 970 935 939 946 907 994 947 985 932 950 906 976 989 995 951 934 965 910 962 978 993 934 908 959 994 973 956 998 924 945 959 980 961 933 907
927 909 937 912 925 972 981 948 921 955 938 960 934 968 919 963 967 988 900 934 964 916 951 918 994 998 918 925 960 901 904 926 981 944 967 949 960 928 929 978 915 942 999 957 992 971 917 945 982 995 922 932 923 995 976 941 954 922 907 969 973 954 902 936 975 935 971 905 960 954 919 964 976 968 902 902 951 919 908 939 977 990 904 994 985 956 971 980 995 920 909 986 957 914 935 945 974 982 925 960
932 946 912 934 929 973 986 965 942 945 946 957 914 989 957 963 905 924 924 917 938 977 904 909 955 974 963 990 967 998 964 902 989 960 908 914 905 965 901 912 979 908 993 965 987 906 998 917 994 928 991 950 958 920 995 918 972 999 936 911 922 901 908 913 933 935 946 914 908 943 983 974 943 937 972 903 973 980 935 925 952 903 950 937 910 956 934 943 951 941 949 949 902 948 966 947 937 908 901 916
922 946 957 966 936 944 946 977 925 996 967 901 981 983 970 942 963 942 902 984 920 920 950 923 988 985 919 954 987 951 932 936 900 926 944 957 995 988 907 974 954 991 978 921 911 983 938 965 976 933 960 950 956 904 986 950 994 943 919 925 950 983 969 993 916 949 997 989 985 997 989 993 917 996 967 976 952 954 902 934 971 932 915 910 982 984 978 921 955 946 993 910 977 986 989 961 911 946 944 912
988 961 922 945 963 924 984 995 962 901 911 969 989 956 965 924 933 975 984 932 964 964 941 964 911 939 991 991 974 940 930 993 938 938 928 905 977 960 996 940 985 952 903 939 949 988 999 965 984 904 980 918 919 905 979 921 984 993 974 920 927 968 940 968 926 970 965 906 992 944 971 997 944 965 986 973 940 954 923 920 982 948 933 907 996 923 993 903 964 973 981 985 983 990 993 901 933 920 988 948
978 995 940 900 957 949 991 908 942 956 968 902 999 965 909 905 951 952 975 953 987 910 904 975 953 997 974 957 965 980 900 903 917 940 970 915 924 917 930 984 984 932 939 902 916 909 993 995 999 951 927 910 906 928 909 988 983 954 919 986 918 912 971 998 976 937 958 996 933 956 955 950 993 900 994 926 929 967 934 992 959 987 939 977 947 966 956 989 911 943 900 997 934 986 960 965 960 968 969 947
977 933 948 917 911 959 964 946 908 945 917 940 931 925 958 962 922 998 939 942 967 975 922 993 944 950 960 947 967 965 994 925 904 999 954 907 946 902 909 982 967 954 926 986 942 935 986 995 943 913 990 919 908 979 964 945 979 982 940 992 995 938 985 914 971 938 960 964 955 995 938 953 936 919 907 962 979 949 996 993 915 911 934 932 929 901 914 973 923 924 906 925 943 977 904 984 919 945 926 938
908 976 971 963 900 968 997 936 978 911 904 942 927 902 922 997 912 957 915 938 923 938 966 942 903 930 993 968 912 953 947 904 912 915 921 947 913 988 972 917 957 901 947 917 943 979 927 970 967 955 977 953 994 913 999 900 925 980 916 961 992 920 907 939 931 911 957 937 980 961 920 905 906 923 925 959 931 945 966 964 930 948 913 991 927 948 900 951 976 915 979 961 962 903 960 938 955 998 971 976
997 907 965 919 984 953 973 970 927 947 942 920 960 958 944 908 921 967 913 960 997 912 980 960 932 931 953 970 908 946 947 966 976 942 980 960 995 901 921 913 985 993 992 900 911 907 977 927 974 929 908 985 957 937 915 969 957 928 932 924 930 953 931 962 916 994 903 966 900 978 995 958 972 980 935 948 914 963 976 923 957 972 951 963 972 918 916 920 938 938 910 935 913 907 915 928 995 931 945 907
962 979 912 997 994 990 985 999 951 917 999 912 912 990 981 911 969 957 984 932 992 998 941 929 962 973 983 958 919 952 953 905 932 982 939 931 979 955 900 976 904 971 952 927 988 916 943 963 946 913 910 948 990 983 939 915 998 937 936 982 965 948 919 983 920 952 945 980 905 981 953 977 943 920 967 938 975 978 969 966 957 908 938 973 947 911 944 914 916 911 900 925 969 939 941 980 912 941 991 901
994 961 969 994 903 949 982 971 993 948 989 900 987 955 963 968 989 997 943 994 904 995 959 978 905 962 967 914 981 968 990 971 927 955 919 982 985 977 934 905 961 969 957 948 914 982 941 978 936 963 922 952 999 963 934 905 980 934 948 988 965 972 973 923 956 958 975 927 918 942 977 909 919 929 985 949 918 955 995 922 918 992 971 980 982 933 929 968 918 923 950 905 914 958 936 905 909 952 905 979
999 963 984 952 912 974 929 988 936 904 940 909 964 903 941 925 967 979 984 984 911 933 936 922 919 994 900 932 975 956 962 997 940 905 998 969 921 904 974 998 976 985 965 953 917 937 915 957 980 977 959 995 955 977 950 926 992 938 943 991 988 954 938 954 945 983 993 988 933 973 983 919 971 982 928 978 997 902 985 907 918 956 999 951 926 981 906 979 916 975 961 960 979 994 911 980 922 920 976 927
921 901 944 942 990 932 953 923 926 978 919 980 915 992 981 988 978 918 947 959 953 926 920 902 906 993 909 951 902 992 944 969 903 989 913 936 914 969 910 941 919 983 925 940 979 910 905 991 917 901 904 992 934 912 906 901 963 902 983 947 962 931 978 953 996 923 968 975 912 907 924 944 977 932 984 959 921 903 974 972 957 989 995 991 939 927 907 988 944 929 928 958 915 928 916 996 986 942 986 945
970 926 948 989 948 946 919 942 951 950 987 947 900 952 918 967 998 989 984 937 937 910 905 954 951 966 934 983 907 909 941 999 982 957 974 966 933 990 911 993 945 993 941 990 924 936 923 918 979 954 979 953 979 969 974 936 928 908 919 918 928 945 935 995 953 948 913 913 930 945 922 992 989 974 988 979 945 916 964 922 972 953 962 943 943 934 965 991 952 972 966 911 996 937 977 900 991 962 968 973
961 977 916 939 928 983 985 987 950 976 917 997 958 964 992 976 999 987 978 967 997 942 922 969 917 961 911 999 951 944 989 920 953 987 918 920 988 957 934 978 961 950 996 949 911 957 932 979 976 939 922 939 900 906 976 955 932 966 907 905 906 966 944 933 941 933 931 953 970 963 980 923 934 990 967 918 901 907 961 927 989 991 940 904 998 912 998 970 987 946 950 987 946 965 912 904 922 944 968 991
975 979 960 952 913 919 985 903 982 937 944 966 909 981 904 970 958 910 968 966 971 936 920 908 945 920 948 966 963 966 938 986 966 962 918 985 910 942 974 952 987 944 986 903 924 959 951 922 984 977 951 929 923 936 934 909 964 942 966 911 943 909 907 955 959 990 938 977 956 967 961 940 949 988 918 900 939 961 973 920 911 954 987 968 972 992 992 939 920 992 903 947 928 933 924 959 948 905 902 927
923 996 995 998 952 974 906 985 986 939 953 908 945 960 976 906 985 900 900 930 926 944 956 958 976 966 963 945 964 941 900 957 948 909 964 940 911 954 905 999 953 974 948 903 946 925 912 967 925 910 924 954 926 944 923 996 991 996 967 943 965 925 949 927 945 920 985 950 916 945 936 972 935 941 958 949 931 915 921 966 946 982 991 906 928 928 940 976 990 912 975 934 976 972 917 918 915 965 967 906
921 966 972 956 970 902 987 987 971 928 919 997 977 922 906 989 983 956 931 939 962 915 948 943 941 964 967 979 901 917 981 973 993 924 952 939 937 966 957 984 989 975 928 919 930 931 998 961 932 935 908 986 993 901 946 907 943 953 998 979 957 999 919 953 996 941 928 996 941 993 900 949 935 945 985 933 987 924 971 912 950 906 938 991 929 950 987 911 908 932 932 926 902 900 966 999 940 935 972 922
932 983 975 974 957 900 905 925 921 973 969 942 994 969 985 946 982 966 988 944 903 976 919 980 965 967 998 909 939 977 927 944 916 900 941 948 964 941 985 927 957 952 951 999 968 939 947 968 937 982 998 929 931 930 981 978 968 901 909 948 936 987 971 900 995 938 952 935 922 965 914 917 999 936 956 974 935 972 926 994 956 943 914 990 969 943 915 953 907 987 904 919 952 980 955 930 981 948 985 975
929 914 987 935 915 999 927 902 991 970 981 965 975 915 902 995 961 909 940 914 977 983 948 979 943 915 959 993 930 928 944 915 925 991 908 926 903 943 974 947 904 930 938 959 970 910 961 994 910 905 906 939 988 968 900 945 950 974 995 950 972 949 906 948 990 958 960 997 999 917 903 942 964 929 999 901 930 948 917 909 906 963 960 987 989 966 940 906 932 986 971 936 916 939 970 929 960 985 921 972
