100 100
65 -440 -550 -511 177 -501 -769 938 -190 -886 454 557 307 700 299 -839 -437 -609 -278 878 977 -279 469 698 204 -16 257 -997 35 -984 471 464 436 -845 137 -330 44 174 431 795 -414 848 962 -926 -945 -599 -214 452 -840 -474 4 -269 288 51 113 512 -680 -726 245 -261 150 975 -691 18 -997 77 -390 406 -864 232 777 -448 -431 -954 806 964 798 570 252 -83 715 983 56 659 -338 -807 735 -308 -153 57 839 135 -40 -501 556 978 48 -608 986 -194
-22 117 510 821 -472 837 517 -107 6 -951 81 851 -978 446 -650 284 630 -272 585 -251 828 790 -971 516 -276 -955 -506 429 -358 -718 -945 251 -249 -804 496 285 159 480 522 -744 -866 -893 499 10 359 -123 -15 -736 205 -413 -442 326 -22 -396 317 483 652 363 -18 150 -167 454 -343 805 -629 26 839 -415 -469 134 -822 -899 765 -873 923 148 830 -23 -521 900 326 470 -956 111 -180 244 563 948 -168 796 440 612 666 -988 -312 -586 96 -746 -349 -157
-547 577 -685 512 459 700 954 -980 682 647 693 78 201 -924 -580 517 419 -295 942 414 740 925 -973 -119 586 -269 956 -606 119 -951 975 483 -995 554 -458 920 624 37 -323 350 -465 123 -95 -403 507 -849 977 449 161 17 8 127 597 -566 830 -373 790 872 537 245 989 890 698 977 -87 -79 941 227 -452 -779 -91 -771 -855 -423 404 542 376 239 -283 -725 673 343 -237 -72 29 73 -964 753 506 -549 673 435 26 -821 -698 -968 -213 151 469 -135
-206 851 360 -904 -850 744 -331 794 -97 463 914 -67 186 159 195 31 -245 -888 -374 685 -207 -895 -393 -776 937 -797 -771 -875 -281 811 -361 133 -52 521 -454 -361 652 464 161 618 623 154 -36 175 -544 -777 841 706 -95 -229 141 510 -922 -578 382 324 -293 94 512 250 32 -999 197 -98 436 749 183 380 668 925 -346 -127 -784 -369 -912 -29 -215 -777 -888 519 -679 -799 -82 -189 485 -326 487 -89 101 -143 367 340 -43 -833 -911 722 508 -492 281 -560
27 795 282 515 -667 -367 993 -747 709 178 -83 -832 -339 277 -894 140 529 855 -431 -114 532 689 699 -257 -475 996 856 364 312 -195 98 551 750 -557 274 -524 -7 992 -499 262 -653 739 217 415 954 692 -932 -939 682 -231 -144 581 -930 397 202 -498 -285 -883 -474 -882 732 364 -943 838 -582 -257 19 133 241 -147 51 276 649 309 -403 437 617 234 -84 -858 -300 948 -866 391 -859 -245 -840 919 -936 -897 197 -736 -797 10 -952 359 -816 86 96 -488
-730 -608 291 -47 -592 -103 429 -338 685 27 379 -12 -443 -479 619 855 -125 264 79 -652 355 -244 -834 -329 73 -939 997 999 495 -135 -730 118 927 379 811 583 570 -691 -159 -182 -787 -304 310 1 348 688 -969 -355 306 -302 -439 902 948 -807 -719 336 751 983 -214 -814 299 2 61 -709 -433 171 -378 -681 659 -80 42 -276 -303 -377 888 -923 933 -345 -655 333 -150 109 155 -884 -623 -228 189 -385 821 788 -395 83 -833 130 440 -530 -153 50 365 -179
714 -943 -498 285 43 -808 200 909 61 866 453 261 123 -139 -9 -784 579 -98 -525 -696 734 104 228 88 -391 536 482 -657 728 -35 -128 -52 -132 733 202 918 370 834 815 -249 70 -82 936 195 548 512 797 -844 -912 201 656 180 -978 384 234 -442 5 634 -546 -40 -87 -5 417 -405 553 -637 -206 745 -878 877 -819 -273 -722 539 -293 -30 -600 -901 807 268 -375 -695 940 -725 -484 -470 -310 979 -112 -505 285 -578 356 805 -139 -537 710 -219 322 162
475 644 -640 164 931 -207 873 -467 641 616 -278 -422 61 1 426 -40 -900 403 117 423 52 67 -217 -681 -550 959 -840 313 -971 275 -467 717 -309 415 369 281 754 254 211 79 844 -888 -967 -947 874 -603 887 101 -730 156 -695 -129 292 468 -410 -247 403 384 -88 649 -110 -229 -205 -872 -195 337 -350 886 453 770 -108 -784 154 -943 215 504 205 -928 915 91 -605 -551 -547 289 -635 814 210 -930 -649 12 564 -407 -161 99 -269 468 614 29 -534 -884
-366 266 -147 964 871 11 -505 141 545 -454 166 174 798 -446 -202 951 -801 608 -143 914 -399 737 538 441 39 474 -176 -409 913 -246 229 900 -766 -574 258 -125 596 -468 30 101 816 -627 -128 -151 80 -669 -803 772 -705 671 502 -763 -593 499 -726 -30 -672 525 -101 -200 512 187 -99 -653 100 835 -230 821 -286 561 744 577 948 -134 628 678 305 -977 -284 -230 859 651 974 123 -124 -328 -967 -953 -452 736 -792 -429 -627 794 -138 -595 144 235 -799 -750
51 -236 -845 916 492 -420 -312 -84 -673 334 83 782 -320 221 -776 89 255 271 449 -89 -612 947 158 -171 -437 -846 51 -214 140 813 -330 -325 255 646 -368 349 605 237 -561 86 451 -470 229 -100 -997 -858 168 -993 258 -830 614 947 297 185 -114 -436 -658 -497 -948 119 123 -679 208 -594 924 -695 778 -561 -264 -518 -62 753 -171 228 205 358 29 -73 433 262 -433 -872 -553 -931 438 192 129 -615 -27 826 929 894 -404 109 243 447 881 117 841 -518
-101 -134 -726 -156 -835 472 -350 -289 -331 495 -504 -211 -408 18 -143 -951 -709 127 316 632 -718 -530 193 -833 363 411 100 547 -660 -359 -69 -372 881 -290 -80 -858 319 -506 -930 142 803 476 -375 -511 754 -202 -934 174 611 -25 -641 -349 442 -685 783 -313 -125 -276 983 -190 -426 145 -413 -750 927 -505 311 -234 979 -420 -729 557 137 987 -8 148 979 -337 -607 788 -951 -281 770 -609 -80 -642 747 930 818 -448 -210 -369 -115 713 583 -677 -169 -475 44 419
-670 -996 -280 835 648 828 903 57 -679 967 -134 172 -222 -400 661 980 -661 679 546 210 779 -615 336 -360 -832 448 79 855 985 280 -590 -478 -137 -390 855 860 76 468 -270 337 50 -61 707 976 878 -65 -491 -256 -126 497 -977 258 -664 -115 291 -453 984 202 -912 37 -586 -376 -191 83 65 418 535 -247 362 166 118 -997 784 -839 199 -958 -509 -932 -882 247 562 144 494 -290 -940 60 -870 -399 -803 302 -722 -785 337 705 -960 327 -953 37 253 -335
-34 603 691 157 307 -230 634 269 -986 311 869 -395 726 425 699 299 905 576 -156 163 532 866 99 548 906 582 519 -171 -80 -959 -48 -37 -558 -386 -995 408 -392 341 -20 -202 516 321 232 989 -543 -564 -730 392 -520 -595 -752 68 -530 -173 686 -182 -190 959 -955 -171 668 543 -899 -325 875 546 -438 466 -175 711 -82 -584 -442 962 769 -304 67 76 -740 810 -422 49 174 -979 842 708 -82 156 -140 124 -789 757 563 -615 704 897 948 -615 141 -97
380 -999 140 412 237 -540 -779 590 735 758 825 505 -712 132 -270 794 -384 956 -878 -616 308 -900 -339 813 267 965 296 -761 690 192 339 491 964 597 377 119 -964 -488 -744 325 -724 -223 236 -70 -854 -921 -736 -864 -475 -581 -611 352 -366 894 -79 496 777 428 -164 -946 -769 -631 619 -321 -884 -808 442 -630 -148 -768 505 466 567 739 997 380 -924 266 700 781 330 861 -948 750 -17 268 -572 537 735 -631 0 593 557 -388 -174 766 -119 -592 917 -941
-63 -316 -577 -435 -242 -749 725 132 248 -351 4 257 400 458 743 -332 82 256 820 515 -433 -65 -320 828 -318 349 -397 307 -491 587 -30 234 296 -651 229 284 893 939 -702 -64 348 -260 -660 691 -556 -899 -594 845 585 806 980 204 790 13 -757 525 114 -128 -32 -465 22 -29 133 947 -703 -291 -842 279 -610 552 361 -908 461 -77 157 -294 762 -388 -40 199 929 -644 -922 -145 301 715 -899 -848 735 -68 342 66 -489 50 -254 -541 939 387 -368 -190
-605 73 386 -497 25 777 579 -386 -563 -677 -292 -305 808 736 54 -380 460 722 941 796 -25 -273 315 -528 -516 -959 495 -87 -90 -566 -43 -462 -347 724 -744 -355 -69 -647 391 -194 543 -81 -855 866 -19 -468 550 -976 -482 458 681 290 -957 646 -46 936 -605 55 -295 564 834 -514 -751 -965 821 -294 -635 203 558 -856 205 -776 -237 230 251 868 -610 103 596 488 -209 415 353 -656 -725 -258 -915 -239 -757 861 -254 -805 622 681 747 -149 -820 -872 -902 -134
-472 -491 -727 767 -547 393 -237 -33 -351 59 -570 402 49 404 -468 686 -91 -776 -555 -628 377 -629 511 -771 -183 -817 875 -63 996 198 -381 690 -298 -668 133 -649 -93 88 468 -616 479 -8 -573 -616 -150 948 -935 837 845 -296 592 -124 -495 -868 841 -882 57 964 -524 382 703 -270 -352 901 -965 -974 907 821 -604 990 -600 -817 694 -528 -346 562 937 -43 66 353 90 846 984 -782 -91 -737 -306 324 -140 508 -896 -452 -403 322 218 258 245 -301 764 -697
-455 673 867 185 -922 567 -94 -108 960 39 256 915 -898 686 869 -801 549 -18 680 -143 -270 617 457 389 197 618 -636 181 -251 272 -759 234 649 -59 -33 612 -914 805 11 393 -855 -246 -951 633 144 866 -538 654 265 -58 -177 -754 -263 -893 -363 513 -379 111 -257 -936 -579 160 -354 -187 952 -816 -95 -433 -409 -8 -347 191 -83 -618 -455 -374 959 312 -190 -231 676 492 -272 66 160 431 -261 654 -114 -322 984 -719 -520 335 -838 -957 -137 -195 45 668
-328 -336 -356 429 347 -552 895 536 823 911 485 -275 666 143 914 652 -833 -850 746 -898 -306 616 130 -649 -325 280 647 -460 -29 993 -795 239 684 -919 872 844 -740 825 9 -471 -808 -993 -34 -997 590 168 296 120 -688 194 554 -762 694 510 777 938 -970 650 -542 -265 573 -810 -253 -575 -712 -816 193 -102 687 -722 -554 -765 -855 -718 -813 -840 -841 -635 -84 709 764 595 633 -492 -149 417 -862 -732 -172 -511 869 147 250 249 420 -241 -702 891 800 73
-629 231 764 -782 -616 600 480 508 633 3 658 587 -676 357 849 646 -942 546 -903 -691 -360 490 844 930 -206 -338 587 971 543 372 734 -806 -742 -567 -276 -654 -714 647 -803 -858 -595 -298 -142 -853 703 -812 370 -214 338 -660 -925 -597 -330 -336 789 175 -963 194 -353 -469 -383 -973 408 210 138 -72 870 575 -859 355 -533 576 918 539 -488 688 -675 -76 -729 -277 -247 -139 275 301 156 -143 558 243 -122 300 -866 300 -185 618 -78 -823 930 128 -23 378
-902 297 298 746 198 -565 -59 776 902 313 -340 926 -797 349 -757 -263 245 540 -511 450 -817 -567 174 -50 925 207 -161 900 -101 20 136 -479 -241 -412 -570 -556 -122 119 789 829 -72 -841 -469 488 189 585 -412 -720 676 628 640 813 -231 367 880 -741 -404 -157 -635 -876 -805 -630 816 144 -753 -410 248 -320 -595 -789 -529 -117 392 287 -271 856 -503 -217 -168 -254 760 187 -792 618 -890 -845 -451 763 -258 134 -739 158 992 786 757 232 597 367 615 -814
303 -704 677 -164 -997 596 175 -581 830 -106 -472 165 -851 964 297 523 801 597 -124 244 771 420 -571 957 533 -762 -516 -716 -942 83 928 433 336 -313 847 -838 17 -64 673 -226 435 886 -432 -57 -476 -469 -985 697 272 461 -15 -987 -188 -751 168 -377 -963 -443 209 -103 77 450 403 -590 936 655 -203 484 -747 508 287 -82 -236 -566 -558 446 -209 -976 115 -182 654 400 685 772 856 -729 -773 -94 620 -355 -754 601 968 426 -92 -227 -834 -708 -881 156
-537 -923 269 528 151 954 -339 -938 -333 -736 -966 -411 -64 281 -19 482 -645 -894 540 752 -605 -987 184 -388 798 977 826 -719 -196 -548 -965 784 -160 -399 -478 -572 585 -302 -650 -534 470 742 -192 -477 55 -525 974 241 -586 -50 617 407 942 -72 612 -451 -429 538 646 949 -783 -657 675 -136 -315 -610 37 137 50 952 -150 -133 498 -93 651 -959 495 760 -298 650 -67 -127 569 -886 36 595 -956 14 380 -521 66 471 -990 -206 238 66 939 651 153 -894
307 796 853 705 25 -57 -824 883 -872 666 -603 961 -597 304 200 -961 885 -592 -999 565 -16 374 986 -369 646 476 236 156 540 -707 -703 -538 -66 -397 584 266 815 -405 303 -137 831 129 922 -550 -611 -138 -887 -663 658 863 30 -970 -51 970 -558 779 -642 -197 419 632 -720 614 -157 27 861 584 -877 892 -367 38 556 -425 -132 -404 353 -441 442 750 -651 229 51 -391 -730 -461 -619 -258 806 -27 -665 138 538 -263 -931 -577 -438 -197 -143 643 -650 -715
220 279 -504 500 -701 -409 -194 727 -261 -276 -810 -309 -976 -939 541 20 398 -851 4 139 -926 -409 -62 -535 113 -535 -753 173 -381 855 302 287 470 -781 -190 615 501 -921 -556 -309 -872 -632 860 -796 -347 -836 957 -106 -406 428 -48 264 -428 903 396 -562 38 929 -442 -733 -668 234 -643 -679 856 646 612 -217 909 -798 935 -962 -693 -809 -881 -21 -684 859 -481 530 353 -992 -540 709 507 -76 -317 703 44 -462 -334 845 -806 -220 732 802 -749 -118 749 -510
-189 -520 712 -324 -939 -845 -942 317 179 -692 237 784 -712 -467 306 -817 120 655 -513 -775 759 -34 -315 -805 837 972 823 749 -27 -99 140 109 -146 783 802 726 888 913 419 -701 -860 683 -893 -908 -752 -187 266 -597 -223 -387 166 752 -116 -908 -136 275 -36 354 -887 564 465 943 -704 -361 -468 -132 -784 -144 -489 -345 397 -513 811 -87 -367 -273 227 -969 -605 -751 -466 808 566 -312 112 728 849 284 -404 720 803 -99 84 847 -896 -814 493 801 516 -732
292 -420 604 -294 872 569 518 -211 -128 456 -268 -651 -188 -738 38 949 424 -140 -294 329 406 -83 510 671 -192 533 99 812 267 333 -470 -564 -385 -916 551 -780 -70 652 337 -794 760 -734 893 400 -563 492 892 662 377 -490 124 -270 992 -601 -364 -469 -458 741 824 810 -278 -279 -142 879 708 -962 -450 396 -994 -942 -324 -429 203 147 477 415 -292 802 755 465 -228 -387 -555 697 936 416 -838 568 260 -237 36 -499 527 -737 -906 -53 -484 205 -455 787
-288 -208 796 639 879 -641 -841 168 -161 -876 -810 214 -935 596 -23 989 274 202 -221 -264 97 -575 -83 139 522 -250 -513 171 796 -710 236 -100 -388 -61 -933 295 -12 836 438 -74 -46 145 -358 467 724 -795 -444 -821 -709 811 896 -811 869 811 -646 666 -657 435 800 973 402 -608 936 -757 15 -528 -260 -906 -271 -952 -536 864 246 -820 -135 506 -39 -815 383 -410 252 -287 -359 922 485 285 -970 -509 265 301 883 -434 -765 -267 -200 -273 750 -330 954 -194
-196 -396 -217 -89 658 -105 695 -976 -335 792 156 -849 367 -918 229 397 80 -912 938 -553 -681 -555 84 876 -802 -74 761 -484 -617 19 -227 651 -973 -104 -466 871 -1 637 829 87 288 617 780 -962 -5 433 698 -843 346 -730 -905 179 987 -734 -999 -366 99 619 519 -211 690 480 -792 -612 -267 -64 553 -40 630 -6 115 701 294 457 -920 789 159 -504 568 -517 -266 -424 903 -405 203 817 314 553 870 551 -683 -72 -124 873 465 923 65 -680 119 -155
6 -625 288 -513 172 -830 -870 551 288 923 115 -501 -672 -967 222 727 733 721 620 -397 -488 -400 705 -978 305 365 174 241 9 599 -508 918 331 305 919 417 -71 -999 243 -366 -730 -226 -450 -628 -446 -607 36 -578 -20 -322 694 354 414 -181 -297 813 378 -618 543 176 955 -346 -195 -559 35 -495 -372 -740 781 -752 60 -691 343 736 -111 -754 852 67 708 590 663 -382 668 -564 -251 919 70 -427 526 602 -557 -977 862 421 800 -37 789 414 66 -193
830 -705 -75 -660 137 -368 -949 685 -874 -103 244 -726 -187 -280 -712 -728 928 -777 859 -711 -56 677 694 518 285 909 -970 396 -997 -845 287 479 358 -725 152 -201 -962 -504 -527 -430 -414 -714 393 736 74 928 570 349 -831 -773 224 463 142 844 -590 -708 -903 949 99 -855 102 -361 805 -774 -467 -909 350 252 377 104 -166 266 -649 556 -421 157 -64 -335 436 -927 -11 -775 583 799 -232 -505 -208 480 -684 300 453 -915 372 489 450 -78 810 -502 -894 -946
-675 266 -155 -752 -427 54 733 -308 62 -369 814 -881 -75 -869 -383 -806 243 687 577 -250 963 180 -59 -717 330 206 -458 -478 153 223 658 -242 -812 -992 919 410 -663 -185 -795 883 159 101 726 -218 -428 624 99 -923 -430 479 727 705 -357 96 -891 578 836 395 -928 107 -603 -820 -406 -431 -518 883 -327 781 -933 -130 824 -123 800 -751 -451 205 -702 -762 775 -585 -289 165 -747 267 -665 -261 593 -251 -804 623 119 354 745 -61 117 114 134 559 957 653
970 -898 132 -650 254 -683 818 -332 888 884 -521 886 -241 952 -881 392 -172 365 -536 -211 68 -58 -697 709 71 281 -43 -363 794 316 -911 317 -25 -483 -870 339 261 -385 -190 179 931 626 -108 -168 591 787 -179 444 845 -124 -848 -746 -990 -213 315 -818 15 -66 77 775 -775 -665 -520 655 -284 -890 69 -362 -240 604 652 -568 -546 -868 22 620 -189 847 -689 -281 303 -788 -827 -770 -834 -660 360 977 165 615 -202 410 -893 190 829 -896 -855 -998 -681 -752
-696 628 -249 -936 417 -404 371 792 -742 691 -887 -281 388 -993 -671 -743 -626 24 76 -586 706 828 647 923 -453 -35 177 828 775 -930 912 11 485 -156 736 -672 604 904 379 266 293 393 -963 -615 -843 -999 896 -963 104 -337 -519 697 944 -197 826 -642 571 -506 -85 252 -330 325 -302 580 434 -877 -229 728 -758 576 80 887 -320 929 273 -552 504 87 338 -501 994 459 339 12 240 39 -463 724 -31 463 142 -269 577 253 -938 704 -50 -456 -54 46
208 153 865 -104 615 577 -275 -897 -249 74 763 430 -654 -680 901 -839 306 421 -280 -480 -684 544 486 -853 161 -908 780 -711 913 -761 -330 8 867 -636 -271 -133 -750 -919 -96 281 890 -600 789 689 249 746 -581 -657 603 558 984 -328 -569 847 262 944 204 815 -795 -750 -54 497 507 833 417 242 805 964 -884 -250 -483 -674 -408 278 -49 857 -83 203 88 -442 842 215 -824 -977 -825 893 -277 -542 -195 34 148 -288 -670 -66 -786 658 135 -87 928 230
586 207 775 -706 843 599 -979 691 -609 -430 -527 603 453 155 -917 370 979 -237 -207 152 -288 478 -638 464 665 -259 935 242 826 -955 -493 229 804 -362 243 -360 -476 -890 684 -471 776 -380 -480 -454 -495 57 -211 -917 -385 -895 537 370 771 -882 -184 28 -432 -516 -119 154 429 -987 333 853 -208 632 -965 147 -684 677 677 -683 197 46 -800 -389 51 -88 988 100 -28 -312 971 142 907 149 -762 -85 859 836 718 475 281 -79 -789 -593 243 540 909 686
922 537 423 -418 592 623 475 993 -465 -561 -464 311 959 -499 2 -883 -618 224 626 548 -396 178 939 -464 946 477 119 983 -752 427 -675 -55 361 134 113 71 -817 63 -968 166 -741 477 -661 -386 -861 -401 661 74 -715 666 738 -630 429 203 393 149 344 -757 576 503 -167 585 324 579 -104 -995 -172 401 -279 985 -549 134 512 207 972 396 398 985 780 -517 915 -551 434 651 -648 -416 -951 349 4 -584 -615 628 -920 503 -710 -171 273 998 781 569
-225 736 69 -583 119 -616 -104 -574 -116 -46 -686 862 -744 -815 121 -778 771 -532 -294 57 -33 -253 929 984 -733 968 529 461 122 -546 -113 328 201 118 -671 928 -392 -548 -308 -783 -421 365 569 -250 -564 374 -776 -43 695 -97 408 -417 -55 409 110 -173 563 743 975 649 175 -964 653 -750 556 325 -451 545 310 -220 -636 758 -59 200 287 944 569 -795 -300 372 419 707 -524 690 -26 -82 219 -205 518 357 -595 566 458 374 316 430 191 100 557 -152
-400 251 71 -270 -121 541 584 892 463 -602 -99 39 -133 -201 -523 984 -456 909 770 212 -95 -138 -248 601 73 682 -102 -278 -627 811 77 367 707 -508 789 -484 987 -140 769 -666 421 -981 -223 -953 604 78 -139 -898 403 446 -363 97 518 -878 -315 921 33 -778 -13 79 854 -245 538 887 610 947 525 -753 976 424 -129 868 431 36 204 -935 639 -74 692 -47 -60 831 -551 707 306 -46 245 -917 974 -253 588 -789 133 -681 -338 272 261 -879 -639 227
306 971 -598 608 805 -908 -745 14 181 707 778 -40 -654 207 -672 -850 916 -35 229 134 367 -300 624 -928 -616 79 -210 -299 221 843 348 -929 61 711 468 -823 -782 -648 -916 957 792 274 -475 -222 -861 -303 -105 -828 -805 -493 -1 450 -608 -283 868 -238 -84 930 -635 399 437 -585 747 480 445 42 514 524 825 534 650 278 415 725 999 -562 375 631 -647 -394 -306 737 685 832 953 -676 -955 -549 -277 467 677 -279 840 -621 -502 632 789 725 261 -156
-358 -272 469 -9 -722 960 -571 99 147 -938 568 353 782 860 -977 -215 -123 12 -761 -295 -363 -670 980 282 -707 -901 799 -816 -709 -31 -631 110 -402 -704 511 -565 -746 -50 582 -329 -920 496 254 -289 -422 -303 -857 780 -76 268 836 737 -433 590 -998 -900 -45 -427 966 -13 107 905 130 -137 961 -290 691 -756 -518 835 -128 466 220 -430 327 -411 -745 -614 657 -250 245 -817 497 -46 -653 -683 -358 924 495 -350 925 661 39 -812 791 48 813 759 -286 447
670 327 -189 503 -544 -200 -911 -321 -4 -607 222 -805 898 508 381 -15 -822 21 -248 900 -633 -253 -791 -463 -864 -665 -359 94 296 36 79 -948 615 615 345 -283 -335 -114 99 -198 908 163 139 -368 964 316 610 -439 -892 -869 716 -324 15 116 -722 -921 208 312 -105 -157 -713 410 -239 224 -33 -199 -342 815 -915 722 69 732 369 933 979 -144 -681 852 514 92 941 811 647 -587 724 -860 -299 605 -53 -136 433 -868 107 -644 109 -288 698 443 940 -840
104 566 680 -151 703 233 -11 685 -382 81 398 778 494 -274 -597 709 -114 -173 -25 751 -334 641 743 -398 803 -761 -191 -973 -545 -667 -191 9 -696 586 437 -664 777 285 -499 955 264 633 -893 689 444 -334 342 884 -655 462 -896 -800 -255 165 -620 866 989 602 394 -345 -785 -234 -153 90 458 -93 456 184 -308 607 -618 -831 -691 866 -836 -368 109 -667 -536 228 -545 199 -897 -557 33 745 134 -369 -445 -310 -121 612 535 444 -990 26 -543 -141 604 -930
963 -15 771 -798 -106 -32 -534 868 49 409 -9 -44 691 107 55 153 294 310 270 -904 -705 801 -257 843 845 -743 -429 966 -741 532 535 567 106 -812 585 725 -474 -408 -211 -695 -792 545 -148 -731 -84 954 -363 -173 593 -230 799 -395 588 -177 -367 -806 33 -587 -958 125 -529 964 20 -894 765 -381 123 77 191 -811 -582 20 -352 74 246 -679 -636 252 554 875 812 -994 -438 341 -767 -671 -138 36 316 -908 759 413 -241 -961 894 105 -293 -839 -617 985
315 634 -589 -807 -239 -667 -485 162 929 -278 627 993 -812 -232 -367 -636 -409 -786 752 125 -210 -199 -553 527 618 -516 -762 -829 705 -570 914 610 139 680 -780 580 -895 -982 -239 -860 -941 814 -80 110 353 119 -874 465 114 -567 -420 -222 -735 -328 -604 -21 -261 -583 778 -354 -891 334 -474 -529 506 376 -667 -946 765 948 -43 -855 687 -696 675 -696 492 -314 -420 -577 674 191 531 -869 269 419 -457 56 -127 -882 -207 988 -31 -216 974 375 -163 896 317 74
-970 474 566 950 -390 -355 370 146 -283 -839 -604 262 910 -738 81 942 993 -181 360 -908 -441 -173 -528 -540 898 -15 251 902 318 604 -118 775 58 -741 966 462 -316 546 256 466 -274 115 -356 371 -785 160 -916 330 206 -515 -736 181 326 413 -970 -222 -544 876 -681 502 259 700 711 -469 -19 496 -172 -524 62 512 654 -694 -898 -10 -72 266 257 -999 220 646 347 -160 -878 663 -126 -773 -246 -575 -969 826 99 -589 -479 -749 -912 26 -722 -965 -575 -447
819 -859 -367 25 -690 -487 233 565 -316 -555 493 292 811 -31 -314 -794 271 297 -919 -710 897 -126 579 -924 -924 206 599 518 -870 -612 24 577 -377 259 384 -52 915 167 -402 625 633 -889 -604 -219 -598 908 -158 -774 -119 103 333 170 -646 -171 -657 955 -901 -518 -596 51 -844 759 54 -483 -81 399 -661 -975 430 -857 532 715 -158 -6 853 444 -911 -360 53 -797 -743 663 619 -241 770 292 -974 -679 586 -246 -772 -199 644 -738 -29 -435 -896 -625 282 -143
822 159 943 52 -491 630 -833 956 333 384 712 584 962 -787 744 -244 -585 982 -565 271 -28 -448 608 294 460 213 75 -90 -831 -797 620 79 -569 -305 316 -686 -404 772 -263 -642 -627 453 401 882 824 169 26 164 -121 -427 270 -74 450 963 -513 -577 -727 865 709 508 -822 -742 261 150 823 -782 179 256 -486 526 -622 451 -950 -49 691 -452 -708 -509 623 289 818 -317 -426 -473 328 92 -728 560 -803 160 -794 -165 381 834 747 490 30 491 489 -213
-799 163 446 -766 934 -400 301 -304 -912 -402 -643 -352 -159 730 -104 992 323 480 -111 883 -459 214 140 -131 614 27 156 464 791 380 -45 -185 -321 869 841 344 -885 -925 -845 28 -30 -680 560 -76 82 -919 554 397 305 -315 933 334 -758 416 -605 -147 -538 184 -669 -407 -640 -713 105 585 923 -223 -142 -167 -866 -948 -90 675 729 395 -894 -901 -578 -87 848 769 994 944 -589 29 -744 -224 -621 -104 -45 889 542 954 242 -944 774 840 -791 3 -247 102
803 179 814 -370 -948 557 863 355 -611 -480 -893 527 -549 383 143 155 -229 -977 119 -135 -398 460 -256 -764 512 985 45 -165 13 856 -723 -198 713 -283 720 110 -734 -612 -641 260 432 -473 157 361 338 -405 -897 611 -266 118 499 -841 -274 -661 -233 -4 811 -995 -707 -892 929 213 -345 844 263 -297 -58 -210 747 878 376 -717 -401 -876 -979 -705 878 480 236 61 -550 -98 75 -927 163 598 -694 883 -616 681 -930 434 439 -611 694 853 958 -633 -371 -64
44 -677 -698 -646 -866 967 294 -708 753 260 -545 -171 843 346 653 -824 569 -141 -48 253 653 780 600 -765 972 431 -444 530 9 -160 147 829 -534 197 -433 -938 606 619 470 938 611 -394 -411 783 -639 16 763 -757 -384 27 742 -75 -834 861 -990 299 -968 -415 48 -402 -886 481 -873 548 780 623 376 580 819 -732 -272 134 618 -212 848 581 -701 -815 -1 462 851 -981 -666 212 -231 733 7 -826 799 -72 -305 -486 254 346 -763 -588 885 88 628 -150
-643 453 -679 822 -331 -740 -643 -58 -88 335 -248 -559 -975 808 36 -183 -548 -721 -655 879 -740 -317 -295 719 -692 -434 316 998 -47 12 44 403 32 -748 316 -543 667 61 -744 -848 661 -279 -87 -197 413 -697 -593 727 562 171 273 378 -259 675 -618 -687 414 741 -505 4 616 56 859 149 237 330 -759 -129 -73 -657 -222 -667 331 -553 -165 552 934 -448 -347 939 550 881 -426 -296 587 668 826 -258 682 -707 -71 -297 425 -838 -604 -906 -929 509 452 843
-987 -303 390 -264 166 840 866 64 -155 709 548 877 411 4 -986 31 -831 337 -329 -102 282 326 -955 304 436 5 277 -668 -24 194 374 748 -447 -163 2 504 -930 -520 -586 943 554 532 -355 -405 981 -125 791 -93 -332 24 -539 -646 126 895 291 934 559 -77 154 577 -302 859 -620 -493 -728 132 437 -615 -557 303 -587 110 561 -402 738 644 -236 -423 492 63 675 14 516 -705 -478 -580 379 -963 -266 -27 574 242 859 -591 -244 805 232 -121 -505 753
64 39 -542 -935 358 -142 762 -215 648 904 899 -384 -511 375 -609 281 532 -152 399 734 -647 378 695 151 -836 -262 -633 264 -767 290 688 860 385 -44 614 725 982 807 155 -364 741 210 928 -858 -45 31 81 402 -310 -181 759 694 551 -207 240 -507 -524 401 754 -198 -799 195 -502 502 -690 -590 129 -553 855 672 255 -71 5 -804 -407 -924 -569 -74 552 464 -402 -797 -781 795 944 -372 534 490 501 424 380 438 480 172 296 -814 -704 2 -569 284
776 -719 -262 499 289 -174 569 68 -707 -646 763 -596 137 -464 -579 -612 -65 -903 87 176 218 377 3 -334 164 536 219 -1 976 317 -973 -289 -610 490 62 761 -453 937 -659 -366 -39 -974 -449 -883 127 -109 -236 -551 -783 -57 269 -517 409 -369 409 351 228 912 122 -809 989 964 683 750 468 -361 -46 330 -634 872 -678 -340 683 -276 112 142 511 137 711 -758 551 928 255 -883 474 232 -421 -845 -393 62 682 -950 -309 130 299 217 732 902 -92 851
273 242 -696 -734 -534 -338 760 394 -123 -428 934 576 548 131 954 558 345 288 244 -574 32 189 -366 -981 -366 948 -435 -87 92 205 -561 550 -172 22 687 -720 467 994 -875 726 -594 272 114 7 680 -771 -601 953 868 -151 943 -263 -640 796 -811 871 857 -987 849 888 -378 86 -19 352 288 470 918 -245 357 -94 871 920 83 302 75 678 59 982 -445 -325 -588 -678 -480 618 -595 365 -199 988 -327 -903 416 -214 882 -139 -740 -492 -126 458 57 -953
567 -143 471 149 -298 -859 -277 -929 328 -347 529 728 -104 -38 -368 -375 246 466 -917 -414 -259 -671 2 -31 531 980 -451 560 95 805 -590 112 149 -536 -829 -709 -421 839 171 93 345 22 869 -579 232 -710 -216 898 -741 668 -630 890 -591 737 -186 -338 -569 202 -518 -363 691 -485 589 -814 887 -904 -311 540 585 488 839 -754 -913 -488 -712 -309 -280 -556 911 -213 -454 928 686 319 194 195 -469 114 337 392 -730 851 -872 100 -748 220 457 188 797 206
-521 517 750 226 -616 -115 -278 952 -350 519 -680 73 -559 64 882 237 875 922 245 373 15 -235 143 533 -344 813 639 -528 167 782 -192 803 -872 169 -339 76 -301 -229 593 -766 406 -559 -564 -496 -777 -581 -872 -298 391 -199 -713 151 -325 -697 -480 889 -355 -447 954 374 858 885 -561 -460 451 -763 71 778 684 188 -425 -561 789 918 -770 834 672 -581 472 -68 575 172 -531 142 -196 409 -490 -410 2 952 868 -176 554 614 -911 -162 990 988 -198 -259
709 -496 769 -938 400 -885 50 55 280 666 -820 -505 -142 206 331 -841 112 588 -258 591 327 -823 563 845 -396 651 731 462 791 591 482 -243 -819 705 252 423 -605 214 720 -996 967 409 -304 788 883 -864 -954 -563 490 -185 243 315 198 468 -480 -650 -292 -218 -255 -4 398 -578 -435 -9 -44 758 -758 -996 -6 755 -422 -60 908 588 744 -508 -105 -468 173 272 -422 -539 433 590 -194 211 112 466 908 392 -221 590 -479 -146 -999 430 -682 487 843 -157
-759 -691 76 -495 -408 -64 631 -936 -222 409 -695 -980 744 398 -232 84 93 -976 -810 -215 755 -331 -489 589 490 664 -36 434 -211 844 904 -568 95 728 -299 -358 -595 129 843 -887 771 -941 -682 -538 -697 543 227 -984 203 -892 -623 585 847 433 -75 -636 976 -474 -166 486 83 -816 -741 66 -838 112 284 163 729 -229 650 -714 -946 -610 539 -880 -938 790 750 -812 -486 831 -436 677 102 267 -285 728 -931 -261 -379 764 -434 -19 49 217 -715 960 636 -521
472 -489 292 -231 -57 307 -430 350 359 -77 940 -42 -672 -176 744 850 647 -594 -92 -235 299 -38 753 -588 -584 -432 -737 -951 -8 793 -52 -42 187 -721 -526 -561 -986 -955 -746 758 291 -509 -279 999 -331 -193 -968 439 595 568 208 -116 947 864 737 748 -398 810 -199 -563 -38 -195 161 -317 -132 -722 477 -704 -384 51 537 573 654 814 -283 609 -922 287 792 -466 404 -951 -935 565 335 -658 646 918 -259 583 -389 -682 -303 -598 632 965 551 -291 -563 -638
-591 741 60 208 -744 690 -472 208 116 -571 -757 -410 -602 -356 439 242 978 846 470 896 604 -63 -630 -186 102 711 748 152 -343 -214 -655 -680 476 63 -582 465 426 -925 129 503 -787 506 -346 -509 247 -925 327 -729 -236 -803 -75 -133 -995 874 -889 -975 161 -946 416 -96 -970 -453 672 -353 68 -950 -107 -157 449 -387 -789 -446 -604 753 -971 -135 584 296 -747 730 -349 -373 293 -574 -173 -670 888 -85 652 475 339 -216 -280 424 197 983 307 939 852 -114
752 -408 -613 -488 -188 -377 -929 -242 758 -625 685 583 -535 -414 -641 330 -331 -294 -4 984 640 442 -266 383 114 -350 194 -829 489 -809 138 -267 -180 198 745 122 -814 124 560 949 391 -96 578 184 137 283 837 249 -107 376 727 -439 311 -276 35 747 -695 -826 -955 -970 -417 -528 -381 -576 611 1 875 -229 333 -459 -437 61 178 461 -565 694 848 759 -985 524 76 308 590 -845 -465 -934 -995 329 624 52 133 70 -736 171 353 621 -973 219 -14 348
439 116 -947 127 -927 538 -470 -180 491 898 -734 -939 -962 12 539 -982 472 -431 -977 519 0 137 171 -270 797 9 -682 95 -767 738 -858 327 -23 -823 -269 604 225 632 962 60 375 613 -897 741 -810 741 -805 126 463 -156 616 521 -320 -671 -782 -895 -266 398 -681 -60 627 410 -778 -985 555 -599 -611 242 -873 -153 -955 270 542 700 -839 645 606 188 47 -362 705 17 -422 -941 -366 250 -711 -71 533 494 941 116 -168 -42 288 770 37 -138 -132 -202
96 504 -478 -530 884 865 644 968 329 -960 -649 835 271 564 -578 -234 -936 -363 288 -206 -632 114 261 -148 -372 192 -467 -638 -446 450 397 -409 -527 -984 544 -842 -786 856 -350 523 892 254 -210 171 379 718 201 758 837 226 -283 873 65 511 349 187 306 -275 -871 616 195 703 130 338 936 -690 831 73 -824 -947 58 -663 299 -138 806 -355 190 -887 -191 104 -362 -406 316 -86 429 -384 707 -298 265 -877 502 -724 -797 -975 863 856 -183 651 323 -755
932 705 518 -749 478 919 274 736 210 -839 -558 437 882 -228 479 200 -17 -777 -38 115 -739 660 21 681 600 -40 557 -691 -587 65 -531 67 -577 -610 775 213 -121 -668 211 -647 168 390 -900 108 -787 -698 972 -160 -651 382 -21 0 938 -782 776 728 589 -716 -124 633 880 454 704 442 123 33 -366 917 384 17 114 -686 407 557 -128 280 -310 127 646 -725 704 -69 -388 510 -434 -689 -548 -687 578 -469 128 595 -862 692 -774 529 -181 930 832 152
-202 49 -992 702 627 785 -777 857 439 762 758 -141 12 -518 918 -25 737 -762 -567 510 -906 -486 -784 -567 -592 -105 40 319 -684 -687 483 -960 521 266 967 400 -297 -984 770 560 515 -263 458 734 111 -464 953 146 638 -306 -73 827 332 -423 -532 -30 -129 -22 47 509 -978 -636 -414 -144 986 691 -461 34 836 171 -60 144 -421 808 -88 -766 583 -16 -121 670 319 -581 -380 -963 276 -766 111 67 -251 152 380 289 -651 -423 -707 50 841 495 -804 37
-864 -395 -602 271 -573 63 869 -463 -430 -990 985 -507 84 42 233 -595 -429 -644 52 -330 776 743 462 901 167 830 -262 425 -865 927 312 437 847 -190 49 736 436 890 263 176 841 -610 -968 -655 -534 651 -936 -406 375 -21 -425 335 -446 -815 -864 655 416 -618 -695 18 -223 554 780 636 715 -922 952 726 465 149 489 508 -675 -452 -475 837 -296 -928 287 -340 -537 -550 -480 -329 -85 105 249 34 222 700 -864 491 151 -657 567 547 -509 -537 509 -973
-227 -268 -219 90 -409 569 -775 -845 -859 404 176 -770 78 640 420 323 -308 -446 494 420 110 -983 -696 430 911 -878 -514 -662 -541 -38 -274 607 -628 575 994 289 -528 314 148 -101 754 -451 848 994 -791 46 -637 -616 542 714 -825 -887 460 188 -274 339 -647 548 942 -607 493 894 759 -796 939 -982 -25 596 -243 -328 -394 259 212 -427 332 982 485 389 29 -469 -742 -1 -472 -23 663 -297 -800 0 -865 -482 186 195 208 663 741 200 906 596 -895 619
954 300 -913 144 767 -743 894 55 539 -697 542 987 -933 775 841 866 266 140 -789 -356 764 85 528 114 915 955 840 83 -815 165 -119 -230 171 -904 -267 966 790 757 871 119 -322 -368 839 -551 -385 849 -425 -202 261 -178 606 -717 -595 -457 935 -941 -334 -993 -282 884 -272 -307 -373 -552 -908 -530 667 164 911 -694 -698 -133 -82 -26 -718 33 -657 571 150 608 684 358 169 -123 676 -756 505 -737 -730 -623 963 370 420 767 -552 -133 -323 -432 555 50
876 81 459 462 -103 -509 327 -653 -255 -391 -535 -868 877 -155 289 -893 -206 -33 93 274 -848 -552 -916 851 150 158 -235 963 165 580 354 -85 64 -653 -581 -801 942 796 670 -925 -193 -573 506 -449 841 -831 276 235 -597 201 713 -76 -128 -863 206 254 927 670 -105 -791 802 -879 560 116 712 894 -869 446 942 -155 -381 408 735 -905 -672 -797 -480 -621 -561 -884 65 -530 -89 -819 -908 351 -161 528 -260 349 746 463 -271 510 -159 370 -550 595 374 695
-482 378 -444 495 195 208 -598 -232 992 893 -902 895 -553 -815 101 27 -294 -335 -721 -934 -46 913 306 -310 -577 597 -283 669 -783 749 2 -527 897 738 -882 -962 493 16 -361 937 -512 -358 863 -565 -811 170 592 -300 -394 280 -34 60 -286 -892 32 -974 988 -687 -605 240 265 683 -57 915 -15 -206 -854 -840 63 646 -534 -6 435 -267 -467 -73 -130 -525 782 -698 -732 114 -743 119 945 -971 301 315 22 -416 -691 -323 78 -179 -112 -831 75 203 -478 -784
-279 431 -192 -753 652 -258 243 -777 507 4 766 -904 636 9 -571 -872 -727 363 203 826 -465 550 935 -440 -490 -658 503 -159 145 -900 307 419 964 985 -149 -244 590 -447 866 -366 -577 -154 46 458 -719 439 -35 322 -970 22 457 -659 -766 250 -915 -11 -344 68 -536 653 549 -388 -834 -746 201 -298 -955 -809 -412 393 787 -110 838 242 107 -852 -983 -363 -156 -287 -902 250 -512 375 709 -94 279 -196 -734 -569 -783 581 500 -631 167 -34 -327 -306 619 923
-414 -144 -890 -169 -459 -626 -450 634 -815 995 -487 43 788 -45 177 -269 -398 875 -833 221 56 344 884 441 958 291 -980 841 -685 763 529 -360 -896 -312 614 -767 -264 -710 267 855 -947 214 979 -347 492 -919 -766 230 -713 -857 -991 737 -145 -864 522 -856 986 -590 578 744 942 761 -62 -327 -47 -69 -56 868 268 -133 -785 883 -823 25 334 -583 467 -267 -792 658 -593 245 513 716 611 84 200 -332 -8 -879 121 521 30 -905 587 -213 653 -350 -575 109
433 408 -219 -236 -49 288 354 -250 111 -516 136 461 -633 102 -285 -263 701 388 21 918 924 297 -754 134 -251 344 264 -892 984 -34 -383 713 521 -500 662 302 -230 -868 969 467 -831 -218 -89 873 -196 -393 -80 -338 1 982 -149 -182 -609 912 502 767 -746 951 -502 -129 -311 -104 222 339 556 -438 -210 -305 -601 946 -435 -779 -877 530 -781 502 -380 44 4 -348 246 267 -629 706 832 -190 287 951 528 884 414 504 -802 -860 768 182 668 250 827 -137
-614 -512 -578 -422 -847 654 -489 -78 -100 292 752 -854 -496 28 -383 257 -699 898 -602 -404 -626 683 496 -161 803 -249 928 625 -193 242 496 377 898 -701 -292 133 -597 -243 -486 866 432 979 352 -263 -960 -886 143 -886 -305 412 -536 -45 483 430 518 -505 162 -163 771 885 -894 -631 -354 -177 488 -355 801 312 -668 325 -302 157 975 9 358 -595 511 -598 -794 -638 -326 -517 -910 -44 -833 -627 -284 -332 -429 971 -85 767 -522 821 -620 -419 -387 -192 -486 129
544 355 -501 -913 -159 -838 479 -919 -352 66 822 -436 192 -675 -273 -399 98 165 409 651 -647 79 -203 -880 -409 290 892 132 -290 289 -201 300 724 642 -480 711 -619 -692 -333 902 -763 -850 177 640 -337 -278 -781 947 501 -862 744 101 -273 -543 -650 964 259 636 -217 635 919 269 -554 -934 -603 -949 784 -83 340 579 962 -44 862 866 -327 836 -452 -13 729 -108 -781 -825 759 -455 823 -136 -779 -21 654 456 977 442 -849 -221 220 344 112 -882 733 -368
-995 627 -385 -245 -954 -617 -429 -368 658 -184 315 -825 -355 -215 972 171 801 -245 -79 -156 85 656 -725 -949 -687 -399 -454 257 -873 620 -230 790 -936 -655 -266 -399 215 431 966 233 -902 136 -599 270 954 -975 719 786 288 -491 -732 366 -60 623 816 238 489 253 -147 -397 -87 -51 -452 837 590 -296 717 143 -822 117 79 -676 -573 -658 937 551 732 602 -413 -27 -860 -601 44 -52 695 733 252 662 -464 -294 615 -716 183 65 -118 -316 461 -148 -105 724
107 401 -230 -820 461 606 -812 68 -28 489 867 561 -148 880 24 -40 -844 797 167 671 34 -919 502 30 -650 -464 77 48 589 -670 -153 -485 743 946 74 143 -570 671 512 438 -465 -668 -761 993 917 -194 445 -278 -632 -869 899 305 521 -110 -185 -600 134 -523 -325 -831 -529 -175 501 -383 475 -630 -407 629 807 727 87 -133 299 -721 -4 -432 -103 -98 -311 828 212 227 936 -481 784 -646 180 23 849 -858 -437 829 568 -394 -705 -225 -49 -72 577 596
236 -724 543 -197 10 -142 664 -854 834 925 685 -953 992 -643 -100 567 317 408 494 -758 689 -637 -489 717 809 821 -433 537 -354 186 521 135 -262 -211 -142 951 476 -681 368 53 200 287 263 -673 -180 -483 -818 -822 8 203 -277 -437 -323 125 -869 -286 -351 -855 214 -47 3 -153 280 -458 -902 134 -367 -545 -7 -574 733 676 63 -561 -494 -105 236 573 911 -829 -436 -456 -107 -573 -546 239 -764 254 923 524 105 994 354 -448 420 419 74 964 679 -635
-664 -860 472 110 -990 609 946 903 187 577 514 -553 396 -297 -632 39 179 812 383 325 283 587 -15 370 -171 -652 -776 -875 346 -333 461 353 669 882 -389 598 585 70 -118 -944 -604 -738 740 552 745 167 443 307 321 243 152 944 -107 -258 -703 -733 376 -25 -363 -494 667 377 -146 383 578 305 667 841 -701 635 -831 281 -817 -359 -682 803 326 667 -862 -130 -996 398 314 -731 -179 -330 515 96 -325 -969 -806 265 -573 255 451 946 325 -611 -699 -668
-950 119 -791 670 -315 621 259 -711 376 383 603 744 140 -186 -782 -19 984 -618 -584 -518 200 -606 -222 913 190 -230 -45 212 -219 -430 85 181 -343 55 765 154 841 590 778 889 316 431 231 552 -118 -994 149 -43 -526 5 -68 39 858 -245 -554 -530 -506 -305 456 -781 -752 666 403 313 -300 -212 -746 897 449 86 901 -271 208 58 268 -786 601 -728 656 -46 -611 876 811 -935 451 -864 842 -410 27 -692 -627 -607 -170 -718 973 -38 40 -390 314 691
-184 -404 419 -922 824 -624 568 929 614 763 -945 -960 601 389 355 485 -403 449 645 -4 -854 -201 -742 568 -488 27 569 194 305 -72 -873 -562 307 -971 -306 733 843 159 -169 -48 30 -452 283 -24 -209 543 746 -281 -39 -92 -720 433 -686 -980 -436 562 353 897 -261 -862 -686 916 618 -177 902 -895 744 510 -200 828 -919 786 -513 -394 -675 -739 -397 118 -651 -777 293 80 575 -277 -433 826 -485 765 -332 362 376 449 -462 241 499 481 690 793 909 180
-40 -391 -278 -241 -825 -935 -978 932 836 -843 -595 714 291 -479 895 -937 676 114 390 12 635 63 -341 -520 527 671 -991 -18 129 31 626 946 -138 -877 834 -522 76 -976 -412 18 941 746 -253 620 -618 -556 -141 -517 84 -313 -541 544 -231 -291 127 -881 501 270 987 49 297 -962 356 -299 -10 -154 942 -309 -20 -119 769 524 -380 554 283 819 958 -422 -380 302 -313 -825 -669 232 -160 501 -20 419 637 592 -757 -890 -221 791 -290 -833 -552 -332 -390 -346
-758 596 -886 -132 -965 -808 735 -721 279 518 -387 -643 641 -81 -710 678 -863 685 237 417 -897 86 -35 -381 977 668 609 434 402 162 54 -923 -116 -380 -927 591 -212 455 630 -482 877 -18 758 -569 868 900 222 -936 -407 153 -296 468 -365 465 -138 -36 791 -273 346 -582 236 500 521 -995 172 91 815 668 981 -410 -20 -573 562 -474 366 944 371 -566 973 502 648 -653 -295 -455 -815 -15 287 493 603 -806 -312 257 -97 -2 333 762 -615 124 63 84
-676 -199 855 931 -883 -747 -231 153 -738 -130 -287 703 744 151 -905 -379 30 -631 -470 -460 15 -707 -384 466 391 -726 -148 611 -186 101 417 -960 -914 934 149 983 -915 -354 -720 -629 719 404 164 774 585 -853 216 -313 466 302 -291 -660 -93 -496 821 143 -498 -448 653 900 -793 264 938 587 429 6 810 -812 -249 -426 539 225 980 -324 118 -845 807 -345 -944 295 -634 1 -252 199 -193 -417 -903 -273 -638 172 -830 254 521 -246 -848 912 -897 -108 883 -574
-610 162 58 876 783 248 36 -62 -217 -860 233 973 -6 -555 201 414 723 402 965 -922 244 165 -239 -597 163 -384 303 -603 -788 612 560 854 573 241 -312 126 549 608 -163 923 -917 710 48 -574 485 834 -54 -990 -626 826 10 521 270 270 -849 718 151 -501 -951 -424 -294 -54 -999 -394 -212 506 300 -80 387 746 -192 -987 -282 -171 54 -861 -201 -750 170 -12 -140 173 -619 875 275 449 -531 -153 220 31 417 -740 -798 -927 -146 847 226 -524 491 320
-749 273 -356 -107 -237 -400 -269 -929 496 -706 -410 -96 663 897 -951 939 660 334 508 284 -144 -616 696 613 45 -125 -149 -495 -168 -467 -137 -959 -369 -335 -790 -779 494 260 752 773 454 115 610 830 788 628 803 -10 -898 -286 -912 983 335 392 -13 928 239 423 -699 554 968 -36 418 -71 797 -522 -482 861 -335 -609 -970 202 761 -393 -307 441 -283 -523 -603 -572 173 -418 295 711 -961 871 353 238 961 504 290 764 -443 165 -404 -203 823 -622 -699 938
292 32 -886 -163 -838 -285 -187 449 789 -859 793 -581 -677 -227 271 957 165 844 448 537 -621 -520 647 -574 -388 311 993 97 695 -4 -952 939 304 264 671 316 39 -752 -964 -950 184 -159 -910 966 701 308 -973 291 -27 -237 693 -423 720 -677 281 694 814 783 382 776 176 765 960 214 -754 -75 62 -952 600 668 163 431 -738 898 189 -224 649 866 980 647 782 0 -448 377 843 -906 937 245 -241 596 -282 948 905 -408 340 -531 -451 774 -673 -331
401 -200 -399 334 -194 443 -644 259 557 -83 -922 167 19 872 -929 -608 -783 -576 114 -273 612 -922 -857 -41 708 -651 -362 -128 118 -131 -453 479 -318 470 20 -544 -207 725 -594 -943 10 399 -567 499 546 730 -630 -944 -991 -49 -260 -786 242 655 -966 9 -503 -707 252 387 -424 -575 -592 -486 -207 875 543 -477 -87 -95 837 -128 -106 403 -745 -452 151 964 -886 -505 582 -866 -798 541 -241 428 824 -883 -556 569 -389 63 338 -143 779 404 -168 671 -926 262
-391 -982 242 63 753 198 -717 -623 942 -804 -377 875 473 -869 -935 495 903 69 -806 -178 -529 -346 -80 -697 934 -951 -225 -685 -496 512 -130 307 -544 74 649 -632 766 -920 559 -600 -579 -411 445 -879 -456 -524 -731 -35 155 8 -653 820 -712 -184 734 -122 -717 -654 -811 541 -633 525 108 21 920 -138 183 237 476 -295 -161 -866 -449 34 278 854 196 175 -738 -30 -557 -779 -315 -10 941 -818 -68 -122 560 -686 -909 -274 -812 526 490 -443 -285 -245 -367 -876
809 -261 -374 -901 959 186 -405 817 99 666 -423 184 -884 -203 580 -499 524 -761 -196 -877 144 -117 380 198 705 812 743 681 938 524 -213 -722 413 941 561 746 649 -549 933 -607 -491 -435 -779 224 -101 -755 109 -258 970 -884 -479 -653 -92 563 -347 -927 988 749 349 -682 -867 -34 -738 -414 36 382 -885 -374 -341 538 945 -495 -81 682 -439 -257 -545 833 -46 86 301 632 -267 -616 -527 127 679 -477 -494 947 491 -417 57 -674 -47 404 888 396 -233 678
43 -71 969 -647 -5 471 389 689 339 367 143 -41 19 -822 -176 -149 558 -660 875 841 940 599 400 438 -956 50 -324 -952 -730 -523 -552 876 990 983 661 -781 -237 -85 -481 665 681 630 -903 845 193 -350 784 -435 -679 -767 -407 -856 929 -210 417 908 378 -496 742 -408 -831 380 896 -479 391 838 -496 910 300 -80 -191 -344 -266 -517 553 -333 -32 529 -197 -236 223 593 -307 202 169 431 109 -964 325 315 -368 -128 876 89 373 -495 809 -250 -610 -937
-309 975 -139 -47 599 -121 659 133 22 802 934 761 608 -628 -951 -979 74 -773 -426 -195 -953 -757 441 818 29 87 302 474 -495 -221 23 -348 282 -214 -244 -718 925 53 -57 84 970 269 432 814 -203 227 -676 229 -318 12 332 927 485 -927 948 759 -572 795 -357 709 -205 905 -759 886 -354 584 941 16 386 -334 690 252 432 -574 -866 -803 537 -868 801 -888 998 -287 834 627 754 257 432 207 491 41 419 -241 277 -221 -495 -339 796 883 909 -988
497 693 -549 -181 376 -356 -617 655 -618 -135 -397 -652 782 -73 546 786 -326 48 115 831 276 -770 944 -334 390 -116 656 120 616 288 -272 -131 98 -790 -775 -548 965 -299 -194 -597 -191 -376 -823 -808 629 4 -978 -874 784 940 143 303 974 -197 741 -764 -782 -210 351 -40 702 133 -135 -642 879 -42 -801 667 -382 -846 367 -576 -440 273 -382 741 -38 -162 -25 -620 810 922 181 961 -832 -253 -239 -479 81 147 831 591 239 816 -284 -729 809 -206 852 -13
-183 -813 -665 31 247 -374 -975 -191 514 868 716 746 -711 -400 347 925 947 -456 -529 566 -722 -427 778 529 -999 525 -798 -855 293 -189 875 170 405 -969 49 219 350 -286 -97 -368 -415 194 -334 -396 -891 942 -496 -150 -758 104 -275 -496 120 506 -936 689 -155 451 -603 900 -700 -978 -488 -365 455 -263 295 -471 -721 779 929 -399 -996 243 101 -529 -132 665 -727 259 -363 205 283 491 -694 464 120 835 -317 -389 -990 792 106 774 -982 -68 -161 -485 214 774
-978 700 272 408 860 596 -555 481 -418 -285 -258 629 196 242 710 -729 -652 -354 330 315 -49 -235 -948 922 531 720 -397 -733 -597 350 831 -428 -933 604 -686 490 464 970 791 218 746 45 -585 -399 -533 31 -38 47 717 207 59 895 669 -157 -673 -785 634 -303 -890 443 340 698 -478 -882 -848 483 -688 899 -532 -931 -334 166 -47 -461 331 -892 9 -134 -77 -340 -644 273 569 -164 -729 -50 253 77 -877 730 -475 -892 527 -852 -351 893 -952 918 473 -611
-457 -361 -99 -98 827 -822 -25 441 -431 -934 -785 -450 638 -692 307 -708 84 331 401 154 402 -901 912 926 -135 -743 887 486 198 317 885 -550 752 -471 -947 325 153 540 -109 -329 582 -197 -124 22 561 0 -1 434 988 262 963 -734 807 -862 -83 993 -893 205 -897 -976 898 255 -46 987 374 374 -60 -280 491 -110 220 -870 -910 -113 -655 430 -774 -318 906 86 -52 230 792 -451 438 -360 -337 524 818 343 719 651 578 988 864 -203 -938 590 32 -395
855 698 222 -367 414 -574 613 -506 725 227 612 656 -142 -258 -679 -831 -508 48 -864 399 -59 -699 287 -713 -888 -446 668 -2 462 -696 742 495 -591 78 -343 -817 -301 189 -193 -695 -375 -8 103 -837 828 -627 471 -820 -17 672 945 -440 861 123 498 -103 896 -82 438 512 -712 209 269 820 -613 -341 -397 748 -599 364 -729 65 -921 -929 -529 72 -307 -44 -837 525 -777 188 -122 -559 -296 286 201 -496 -143 145 -282 -219 349 78 942 -668 -59 -99 -387 233
-782 -95 174 403 263 -226 -447 -726 472 867 471 265 -485 -874 675 -686 -224 -402 -278 -538 22 -985 44 765 592 -821 24 713 642 -116 153 -267 -141 196 366 -938 145 -737 -406 519 737 124 -444 -751 -598 847 -931 212 36 848 874 249 -154 847 -727 -474 -791 -100 43 -137 -465 -214 -333 -306 -25 961 298 913 -154 -284 -569 82 893 -3 414 546 -507 -804 -731 -863 -913 -276 405 -533 874 725 662 -274 -474 -461 -164 985 875 92 93 -238 545 -518 -939 938
100 100
296 571 -943 -736 -530 111 706 492 -743 443 273 -754 -251 -259 75 314 -243 -849 -689 -5 -636 -904 -204 -114 -156 811 -933 544 938 -485 -864 922 126 879 -699 -108 -512 902 -964 902 460 -734 -306 -584 332 635 244 409 28 864 864 -538 -555 54 -723 -686 -489 946 748 -900 731 -271 -367 -346 -803 -295 756 945 218 -309 -729 151 838 -300 615 450 -917 912 -667 624 -669 -935 801 -974 -470 73 -481 198 -141 -162 -766 344 816 -635 -227 -921 -248 719 -453 -21
-435 226 -107 -248 -789 296 -165 472 -140 502 -656 560 23 -256 -331 -983 401 -447 677 781 375 343 -105 -504 -991 345 141 999 -26 -917 806 392 877 972 997 -68 486 -586 944 -217 -310 530 -418 272 992 919 62 -899 -127 -652 -167 885 -756 -4 -348 -333 240 -245 171 586 513 82 274 520 710 -727 733 615 -874 -827 28 651 -985 268 -930 348 -770 -591 257 -754 786 -36 -799 -788 -4 19 -965 326 45 -722 -502 257 -214 -928 -748 -897 970 547 -389 -68
-784 -953 -209 -217 949 22 -864 -472 80 252 726 333 709 -39 19 -982 -859 861 -676 485 835 -467 603 223 847 994 941 -671 -181 996 -27 86 754 998 -64 422 884 896 334 -994 985 -982 -625 -791 -731 717 87 990 -943 -712 -459 696 541 -602 -257 617 -652 -259 137 458 -318 -411 -498 571 -138 440 471 -239 -497 -880 172 -779 222 -875 -532 167 -423 -216 -95 -940 -99 -36 229 348 751 -613 954 864 484 656 -641 -759 134 736 -693 -673 -617 -86 -981 92
9 -638 21 56 107 -317 -718 -839 -584 334 451 -304 -367 -307 -515 573 904 -879 -633 652 -832 -526 889 925 382 -299 -158 -647 242 112 631 681 702 -340 662 153 427 -894 23 169 436 564 -191 -102 -368 803 -529 894 -715 535 -412 708 -472 156 107 -426 527 -971 -376 -603 -995 -574 239 -173 -991 -390 508 -34 -982 471 736 -955 231 639 -847 276 750 -948 -726 214 29 176 -428 -537 177 243 -426 -362 807 -860 -292 765 458 320 -733 122 -249 -851 -544 -504
528 -437 651 381 132 -439 291 -300 -279 190 887 -87 484 815 360 364 315 89 -805 -945 874 840 -952 -41 649 498 -976 246 -816 60 263 673 879 568 -934 686 225 566 -8 678 -625 -454 -494 -493 980 543 -98 -896 900 179 554 813 -793 -164 -639 -33 483 -962 -672 421 190 -411 -820 516 -518 938 -842 -726 352 -112 -916 212 682 428 509 -88 -834 207 -309 -193 253 984 160 -565 -286 526 -647 567 -7 -198 -565 -824 397 -623 892 623 753 734 796 -447
-600 94 -847 -924 64 -375 469 -635 -364 962 760 358 -770 548 -283 -187 -230 980 -460 164 -503 -283 680 773 14 -818 -227 507 869 -976 951 581 211 661 324 -474 -590 379 -583 904 -49 372 139 -810 975 227 658 471 422 -157 474 554 -443 -335 273 -784 469 861 -392 573 360 620 240 953 319 484 874 -888 586 -598 959 714 -42 902 -896 -134 828 352 627 -708 -252 720 864 -839 907 -933 -865 713 -422 55 667 -543 995 -746 376 350 802 -65 174 410
-855 388 632 434 285 598 480 816 944 -703 -725 190 -204 469 724 521 -561 502 -547 399 -695 372 -571 -466 -133 798 638 -22 -615 -111 -932 -950 -349 740 206 -431 118 -29 477 133 -562 -373 188 767 -282 -483 -454 -650 451 -222 -304 -959 -762 -576 -686 -383 763 -511 512 482 230 770 -48 -880 54 -941 -657 616 -862 489 -630 33 434 -161 48 -795 -714 578 -704 686 -998 276 94 -731 -853 438 -697 -729 -394 414 703 185 333 706 193 -665 -534 491 516 -747
125 560 444 424 -32 79 -284 -282 -881 -492 886 -96 -174 161 288 105 552 -310 607 -559 696 -999 499 725 -819 408 301 953 815 533 -664 -517 -581 813 -914 -195 49 -965 978 -190 637 -417 790 263 -947 -138 -878 -111 -498 -211 142 979 348 944 860 -765 327 -490 9 -374 989 -86 -746 -918 580 107 513 679 553 898 -843 -744 -992 -501 5 618 -570 431 -876 426 -236 -912 936 -93 915 886 -911 -677 752 587 49 692 -12 -629 671 -471 -94 -643 -879 562
666 722 300 -447 524 836 572 -77 853 -925 -714 166 940 951 239 534 -325 645 249 73 -427 -724 -12 -715 -449 989 -505 -217 499 793 607 933 379 -348 738 839 211 691 895 937 -43 -372 849 900 669 999 965 165 -323 -758 -101 -623 -745 -240 -696 -694 203 708 -550 313 508 93 101 997 -279 -182 892 427 -691 308 192 203 -277 -930 452 477 -371 -908 61 836 399 352 685 741 -463 -36 176 -118 -258 80 862 -559 -723 -942 -775 -911 -665 -88 502 -202
-771 -872 64 -46 121 149 469 422 -271 -367 738 427 -531 -526 181 -328 -544 983 -400 394 -109 363 196 780 0 -424 433 -498 355 -341 -360 726 -732 -586 690 -558 -128 -609 379 648 -658 127 919 -311 433 -435 -647 -879 345 -232 -964 -982 -635 262 471 101 411 -113 -886 508 23 -885 -914 -764 721 851 -157 641 -949 488 829 326 -212 638 -299 -803 782 200 -868 303 16 191 641 -734 -338 720 38 -454 336 -17 -239 308 -646 183 17 510 789 -911 -630 185
696 175 -840 -643 12 -587 -778 -726 284 -334 -257 -286 819 792 869 -581 429 806 -884 -368 467 863 -24 252 148 357 804 -278 338 -222 -346 344 -413 186 411 178 760 192 -188 -194 891 -356 488 253 680 -808 -323 851 -281 89 -324 814 311 108 354 -317 -288 902 309 -143 224 -576 621 355 -599 207 -932 -670 499 628 97 -529 -246 457 -400 -617 464 800 411 567 396 874 -604 892 488 464 576 -811 -913 514 -672 -905 715 -747 908 -875 -104 726 850 -641
438 -744 796 893 223 334 193 -793 324 994 623 7 -173 443 -502 -942 614 99 427 -620 -848 -562 870 -904 772 -735 501 982 -49 704 985 480 572 743 -569 -945 785 -427 -934 -946 636 -323 -987 916 -889 157 718 -472 632 -898 492 -93 -32 512 -881 -362 169 728 700 901 -925 763 825 -640 540 13 645 719 -874 -784 -500 361 -484 975 -733 80 -37 -828 798 -627 290 -774 -278 614 -80 -211 -708 857 -106 656 913 925 449 -913 -228 -550 910 309 -624 -331
-133 -209 -561 590 943 356 305 -323 -544 -200 -78 189 788 -582 -64 -620 -519 85 28 345 35 552 -887 926 185 -151 964 542 -345 78 -101 -369 -134 -907 -232 -704 374 911 789 -450 -647 244 545 286 658 127 -662 -129 -810 993 -417 592 624 147 166 -614 -817 -544 188 -179 931 -483 -866 879 -914 44 842 154 488 394 266 911 976 920 -960 -79 -866 -289 114 -240 -901 -896 941 -189 662 -106 183 -3 -158 -808 286 449 -547 -498 -392 -925 334 -212 755 -120
-991 864 155 127 501 -607 -984 78 672 748 536 -388 -958 322 -68 -820 255 77 45 -556 -310 -282 454 -518 -189 -826 -125 -809 -765 898 642 773 -616 842 194 -22 -967 326 -703 200 -36 -733 666 -809 221 965 -996 640 -561 -214 -993 -420 801 627 -76 -220 684 881 745 613 -264 608 302 -123 354 -738 -716 93 -346 865 0 61 -268 908 495 -375 264 -661 -756 570 516 -241 658 524 -333 427 -400 496 -80 764 -915 -37 -640 585 636 -883 772 425 303 856
-399 935 827 -517 -643 65 -333 -218 -96 -207 -17 -849 -135 -234 130 -543 969 -431 234 -344 -449 -266 560 963 -137 543 947 -965 -634 743 -273 71 -234 399 -912 -367 -445 -343 834 439 290 271 365 657 -529 152 679 -655 540 179 285 -161 -630 284 557 -886 -189 885 -535 514 -333 768 -185 -944 652 -422 724 765 358 884 -450 402 -332 307 928 808 -75 -301 185 -884 139 382 308 -568 217 44 -874 -357 553 -213 -422 978 -339 665 412 -82 -742 13 -174 -129
362 577 256 610 12 -892 -233 -968 -189 19 -532 -663 696 933 -67 -220 -603 -969 -963 915 -600 909 113 512 -33 -730 49 824 -678 -31 -531 -473 -893 -769 246 -755 180 -412 -887 -341 149 -818 -287 -486 -104 -663 -892 -798 284 427 -125 974 486 344 25 -215 -647 824 -693 724 70 381 -797 -125 -183 -255 -976 -311 -964 -388 -118 -16 256 -181 347 503 -178 -367 -799 -553 479 -455 -665 749 767 -797 -911 738 899 103 -527 -62 -937 999 473 231 358 -805 -166 -852
271 261 -588 -583 873 -92 -356 375 466 -958 559 64 268 187 -408 765 -221 770 -654 530 764 -785 -916 -564 643 966 501 -301 195 60 73 -495 -433 948 -324 294 -30 -149 -863 239 182 338 -789 831 -684 -517 653 -698 227 -621 -555 -257 -972 856 690 648 -237 363 968 74 -17 794 -222 943 115 -165 591 -142 153 -295 -892 561 533 -615 -948 -959 -215 646 -106 101 601 108 -582 739 309 -915 326 -65 807 266 608 268 -207 -829 -993 -966 -16 -291 224 765
-985 -585 -586 -599 -55 811 -779 171 217 20 957 -335 861 600 730 336 -40 488 -865 999 -783 -980 -959 822 579 222 -85 742 -38 -164 -463 177 -615 611 -952 -454 -803 -452 -460 -361 877 762 675 911 810 299 436 -627 -77 553 845 765 890 474 -770 734 -994 908 -322 773 556 -813 -418 -418 -342 -206 -484 331 -633 55 166 604 664 -750 614 -602 729 643 280 -339 50 111 -227 568 247 -202 494 -353 102 864 1 709 738 39 -350 -48 832 -191 -835 256
-812 -639 482 801 -290 -927 -529 -502 -739 2 306 -476 49 944 -37 745 278 516 -231 -924 902 -85 -160 767 -37 664 220 -638 -750 741 595 -914 385 -305 -970 908 -386 70 -776 -899 -24 -194 -770 48 -322 -154 -647 605 -656 851 -598 -712 -349 -329 -754 703 580 -395 659 -920 610 -27 139 963 702 -691 -928 -609 703 178 835 -981 -332 -260 193 685 403 -653 -730 492 -210 -948 -134 -426 -505 -645 21 960 -588 637 -161 43 -475 -973 -388 142 238 -917 -124 887
166 -984 962 -792 790 -619 76 327 148 705 616 281 681 803 -86 952 112 -268 -594 50 -303 217 632 -71 -910 991 -513 20 -224 -601 81 593 -956 83 -513 -826 121 157 -816 139 625 -966 109 225 -791 -59 -174 555 898 717 379 665 -882 -714 -454 -272 -916 -577 520 -223 42 305 -503 940 68 293 -201 -928 742 -673 -7 900 236 565 -243 319 794 -509 173 119 575 -846 -542 401 -855 -809 -905 775 -909 890 -490 -752 -884 -1 979 -594 656 30 910 -118
441 666 773 45 -398 -836 -482 -950 123 -788 46 79 -299 -364 -533 -209 -532 -938 585 808 -532 -22 -4 412 455 28 424 995 537 -861 -902 739 -142 910 171 -374 -600 -261 -76 -385 -428 271 -562 914 962 465 948 342 222 464 -104 811 503 -505 742 144 33 -68 -604 -766 662 -374 -644 224 -55 -345 172 -533 -957 376 782 546 373 -160 629 -867 -415 805 -566 -223 448 962 -298 12 -737 -820 -938 825 -811 -336 451 86 979 318 800 978 -237 5 739 -788
-973 -275 562 339 682 675 -571 -449 -863 573 -700 -796 -984 -859 -627 817 74 -336 300 125 -963 -162 646 -433 989 369 220 914 408 400 151 856 825 629 -552 -524 258 -512 -871 722 901 669 -569 717 899 714 482 70 -706 -495 -628 -956 103 -477 -828 -531 -320 607 512 -909 -42 847 -870 -512 -208 172 750 160 99 -345 454 -381 479 -217 -764 -233 -456 -705 60 -33 776 627 -714 675 -646 -326 665 483 -95 689 679 -456 -243 -135 290 -524 123 29 -436 706
-128 -626 304 864 -63 915 -488 -787 -86 111 130 988 -142 -944 840 -419 209 295 -881 -262 783 -741 31 -760 -688 -669 -949 893 -180 -971 -80 971 -844 728 -477 -354 -857 -607 -887 117 -755 -589 -906 617 -515 968 650 -212 -571 221 -711 -137 195 -997 553 123 181 181 -359 955 266 -325 -269 749 17 -277 698 -636 -941 684 627 156 -492 507 945 662 97 -709 -188 -383 -563 -756 -810 -798 722 752 -516 -72 48 679 963 555 -509 968 49 -660 -954 -747 -649 -197
-780 -175 -602 771 -413 -240 -430 -912 127 283 443 349 647 -5 461 367 -830 -946 -492 -243 784 -273 691 -500 -379 710 -233 3 -927 960 550 382 -967 685 643 -958 73 -796 -8 -147 95 -521 -590 236 -760 -173 293 522 -428 725 -906 -818 872 -554 441 -189 -372 -622 454 -202 -571 -12 -608 167 8 -293 -151 -147 -989 -114 -127 412 -94 -103 -431 -307 -529 244 -467 -141 -677 568 -185 -372 340 452 616 242 628 711 -879 989 -364 792 -209 -400 -926 504 -184 614
-759 818 -266 47 -385 -93 349 -220 -742 166 67 -637 -297 166 104 -42 218 621 -916 -149 -852 -771 -558 197 987 -630 714 -152 -462 655 462 -170 -796 -624 -356 398 272 202 865 -520 990 313 -309 -641 -999 281 -132 770 -531 -726 29 806 492 -280 933 56 -646 624 889 -841 -922 216 -388 -479 249 460 387 -466 -941 -693 822 550 -995 -4 209 853 961 -789 556 221 85 510 -766 -355 -372 623 609 595 5 -177 467 -651 -626 505 -212 627 482 456 -288 350
675 -387 -518 910 506 600 777 964 -958 -242 -887 492 625 -623 915 -613 163 -194 -737 212 971 311 414 598 -339 -532 -490 -378 -512 40 -447 905 -398 -222 -797 -797 -153 -901 -516 -125 -852 -799 -647 -952 -857 95 -580 50 -368 467 -460 -941 995 -932 775 117 -928 -561 615 -172 -43 586 -310 615 220 -882 962 -662 -825 772 891 446 -772 113 -249 682 777 196 -297 -58 -811 569 -305 329 162 -495 225 387 -654 -12 -304 -497 -382 -735 -700 569 -556 349 -695 -930
-277 -837 91 -929 807 272 -190 -865 286 354 406 173 -860 277 388 607 -948 919 32 -890 -687 438 -622 100 66 917 -671 -357 -232 464 20 841 549 183 -756 652 336 -135 39 94 -89 -449 -579 346 -966 662 226 -207 -670 628 -206 861 -288 -708 -106 383 -243 528 -843 -708 552 -131 601 351 200 -121 -768 -322 -261 634 97 -44 -305 -181 -409 -697 786 -568 511 -658 -570 -455 -220 -195 466 545 847 -661 857 -337 754 798 373 56 634 -950 650 157 -136 346
534 -407 378 -790 -690 -10 533 -44 -305 738 652 -530 94 26 -927 205 40 447 631 9 -961 -453 -320 -301 116 -903 -805 550 599 415 596 -359 -236 -830 536 342 -40 -123 328 -730 -693 -341 -358 -315 371 -311 189 480 -105 754 457 -621 721 597 -542 -151 457 -690 -431 75 127 267 837 726 3 952 -991 197 523 -633 -961 -100 342 -963 -176 -552 876 -374 212 -836 343 640 927 956 -748 -925 -553 199 510 -157 -829 -315 -876 -980 -857 645 894 128 -210 -765
-718 122 469 370 -153 326 669 828 118 439 678 -283 -335 423 -411 354 -355 269 -269 799 396 635 -452 -491 532 282 934 -685 547 891 -909 120 687 -728 998 -516 228 522 56 877 -48 -954 -75 -346 -309 -966 639 38 202 733 -852 844 -160 204 956 -843 -334 -208 -82 -605 -267 -460 115 -249 -844 -352 68 -727 -489 -105 88 -728 471 921 -751 -247 361 -637 -114 -165 95 -254 978 960 -460 -457 -284 -187 -860 -563 -793 -382 620 -179 3 879 -384 -435 -490 -666
894 868 635 -781 -172 47 -300 478 707 -251 -501 665 -982 -492 -513 696 723 -497 826 759 296 969 -456 226 393 500 -968 873 -167 146 348 489 -555 671 -472 -762 337 184 788 -803 334 -638 852 -138 -299 -405 -781 66 -569 104 602 368 994 122 -473 852 -30 808 -28 -869 -843 -776 -346 966 839 -550 338 -369 611 -416 981 930 412 493 -545 -53 -683 -787 701 -260 -175 26 -447 907 -110 284 554 443 -486 -404 428 -290 -705 -618 -433 -571 -651 851 644 -812
446 401 165 -498 -582 20 -970 -556 643 -290 162 -376 -153 -528 752 -6 -723 604 -543 -217 44 127 172 -824 691 -430 -840 -318 893 228 98 -452 -91 65 253 726 -908 830 -527 -862 180 30 -246 -255 616 845 331 251 643 5 946 927 -360 -847 -995 -191 559 998 -89 -937 -639 657 -887 704 -200 -454 -162 543 -594 226 -346 -958 335 485 -982 -458 -188 580 -652 486 58 -505 543 -784 -777 -102 1 -56 -131 170 -535 879 752 462 868 818 -886 416 111 66
407 -947 -912 688 -113 -528 766 -293 764 116 -650 -887 961 -691 -443 -508 590 -768 435 -232 608 -694 476 760 -547 618 -296 809 333 -53 -313 116 649 -351 639 50 102 -105 780 -419 737 27 162 -740 896 -513 290 727 -789 -597 357 -329 -342 -571 -521 607 -380 312 -959 -847 754 968 744 -410 -931 -644 -681 817 -894 905 -286 629 -164 122 -986 -665 -605 -769 161 746 375 80 -814 -765 -926 635 -137 -612 -719 281 -712 97 -114 -909 659 -634 584 -335 804 201
54 -340 810 -864 -853 169 919 704 96 -962 781 926 243 546 552 -781 -825 455 -304 547 -485 -272 -531 726 610 752 -817 -498 991 377 436 579 69 968 586 586 269 131 151 -741 750 834 -176 -404 346 -220 393 -924 -773 -234 -54 -517 -859 -506 -802 883 276 434 559 -527 -231 -737 -749 725 -247 -789 -683 547 103 -136 557 68 242 286 473 170 -383 143 -285 -304 65 740 -320 -414 282 -523 24 -125 -705 110 721 -136 141 84 264 -141 192 -841 -49 288
-988 -444 159 -883 -607 -950 801 -674 -452 -476 307 -728 666 -78 -368 992 -185 -820 -199 107 -246 882 -89 578 -161 -115 474 -60 522 105 -492 -887 755 181 -785 359 -958 -2 50 -890 -264 -661 -632 -756 -490 -128 -47 582 -946 -140 -624 -704 -215 -849 209 -487 625 -53 -794 536 33 -638 -477 359 -568 -109 189 -215 981 -73 32 544 -703 -474 -626 -690 616 -182 247 516 -516 936 -490 422 -124 614 838 -316 129 -756 168 -354 892 461 795 -24 -869 -244 -949 -181
-419 -667 -466 611 188 538 34 196 -686 27 92 371 -587 -271 895 918 357 28 671 -763 170 -221 -88 330 732 141 -222 573 -397 -700 -588 -244 472 27 -263 785 542 884 -473 -865 423 921 704 94 -938 -795 268 189 -682 976 -296 316 422 280 349 -269 568 -377 -753 473 -127 -345 770 503 -463 -992 794 -406 -729 -868 728 530 921 488 23 -158 -915 -754 256 345 985 912 748 -376 431 305 -226 -403 -3 42 485 967 -154 936 -474 -734 895 121 553 775
-342 -572 -932 -456 -375 782 367 517 -252 578 478 721 -431 595 606 433 863 316 -15 -505 -484 -220 -293 787 426 -77 479 248 -55 -493 95 179 -672 -553 -779 246 103 -864 636 829 517 863 56 -309 860 892 -680 516 -961 12 746 550 678 708 -981 -505 -605 519 112 363 139 -655 753 -86 -936 15 702 -142 -843 681 226 -57 287 468 815 699 -226 932 -698 -914 -535 -854 119 -705 -175 -20 277 -484 -472 -520 986 662 -25 -995 947 523 695 -177 -439 -426
400 210 469 838 -563 -64 -682 -93 3 903 -291 513 -480 -807 777 688 503 402 50 -421 -440 -171 -205 818 160 998 739 -805 669 215 775 -44 89 -404 77 -141 586 336 -770 559 -399 -642 -865 -165 -117 895 -327 -565 -358 -388 885 575 131 -556 -744 982 -971 120 -290 226 260 -235 955 490 -150 -663 3 -918 -471 575 -876 363 -714 -9 -634 -896 -896 116 600 190 -920 809 567 -549 154 991 271 -90 381 87 -273 -928 -713 584 267 371 -95 362 15 -767
-583 -321 15 506 279 329 708 -730 73 -903 -781 238 373 946 732 -281 -806 911 955 692 -851 -26 -492 476 88 -779 -56 -68 833 968 432 274 283 821 -769 346 821 -748 -172 -877 904 -661 489 325 45 897 723 -771 874 -171 -691 210 142 -170 -288 -91 777 -272 -221 -158 630 596 -112 -30 -648 -724 -590 233 525 462 970 146 -795 266 962 916 772 -614 18 -680 -824 9 -592 729 -174 778 563 656 781 -38 -653 777 -745 552 741 -698 322 -960 -64 973
-482 37 -225 -321 -882 25 161 -753 -233 578 630 137 -15 -118 -744 788 21 267 -826 -73 -542 -745 -324 -510 -711 -477 869 -409 -681 383 -777 -573 78 -956 -591 -417 -317 546 562 -538 984 988 82 -639 113 -32 985 -134 -102 -414 -566 -641 324 -33 -956 -259 770 -230 207 -362 774 -548 232 832 215 781 345 51 -801 73 656 -100 25 487 -391 76 -28 -398 -47 892 148 108 594 567 536 539 -282 -386 219 621 -597 -949 540 754 183 -81 819 662 -448 -97
-983 -639 -102 -504 -735 -792 356 115 805 764 375 -918 -268 977 862 -475 229 78 -43 920 918 -828 908 -28 413 790 355 -169 -98 -507 -36 582 -11 78 665 -928 -384 -633 -616 439 486 423 758 -201 -80 -811 -992 38 406 -935 452 -612 627 -895 -994 -861 13 -947 -470 -346 -771 -440 -389 420 -616 625 -397 87 -751 278 352 575 -498 -467 -217 724 215 603 -492 -60 -830 970 -131 -727 914 573 857 903 889 657 383 994 133 233 959 -956 720 -841 442 -586
-10 -300 -211 -391 -686 -339 285 -740 -474 -543 -384 -575 752 -820 288 346 969 753 166 -687 -92 312 -573 559 615 -179 -626 736 394 -165 -72 -669 -294 -983 -497 -831 509 54 -833 -585 853 -691 -986 -462 -475 894 742 -90 -403 691 41 216 -889 802 -215 -585 -49 742 633 -605 935 378 691 -87 150 -553 -406 66 -330 16 -491 106 309 453 -67 -951 -637 426 284 -77 526 -24 171 -130 589 240 -683 -614 -699 967 -487 352 -619 455 936 -815 -961 132 974 61
212 -869 -66 -827 964 527 254 -566 272 489 -837 200 -72 -159 -194 287 -810 -216 718 -887 495 312 -293 596 936 903 439 903 87 -629 407 382 429 265 -968 -297 996 239 -156 -305 739 969 -49 -322 935 588 558 -51 313 466 219 -289 -918 957 123 -163 -702 -97 -806 869 95 -221 510 -851 881 543 -545 -46 -72 616 60 617 485 832 933 518 -552 -751 119 -375 520 -622 53 -981 -395 350 -610 40 793 899 -663 547 -767 -222 940 305 30 897 -935 4
-685 -211 -494 -123 758 -446 -767 382 601 788 -984 -23 -234 -607 849 -421 -516 -294 167 65 301 -343 260 -593 596 206 -589 -655 -579 275 -461 -806 -62 40 -220 -390 -39 760 343 991 857 -663 467 -481 -717 -330 -29 831 -485 964 160 -29 520 339 -758 -739 618 -253 -677 -499 -461 852 913 -842 -384 -720 -951 353 915 115 -211 82 169 755 426 -943 933 -596 187 -598 -624 -336 -195 -530 974 270 -869 -60 -885 458 793 353 -888 -169 -742 -805 -111 -449 112 -584
876 708 596 717 388 -290 -150 585 -916 376 -680 324 -902 -254 -13 -392 845 915 -274 134 -319 -131 -115 -316 468 757 -12 -305 190 -974 408 -393 -364 -503 -994 58 -561 912 -380 471 257 -426 -447 713 -294 -569 480 -434 645 960 -898 -896 904 -570 -386 -486 527 -742 -742 -555 991 -144 706 -370 691 -306 -718 474 -200 671 -806 -479 180 498 394 306 -834 -992 -465 -502 -983 336 979 -185 -493 -832 171 829 -570 -982 -999 405 -831 -840 312 -591 891 198 182 -493
110 -973 6 -264 487 -537 -626 -166 -106 670 -821 -651 -310 548 643 -679 591 -40 -593 -651 -622 902 -33 -128 392 -856 822 726 628 154 -169 988 -473 -499 870 546 663 -239 356 639 -21 756 -252 -508 -266 -302 248 -17 40 -858 961 -412 -292 -681 545 124 946 270 -31 -147 -104 -488 -722 777 947 478 -76 321 -123 -382 -506 -262 -784 706 -168 856 -970 466 892 -162 959 -523 -89 -612 96 -878 -127 574 -542 239 4 -375 -764 760 -827 815 632 -619 -393 391
-239 189 522 -430 -99 -54 970 736 915 473 59 564 546 -303 831 -999 -831 -306 758 398 835 -593 612 -721 261 -289 -936 -69 835 -248 -211 347 45 -326 -401 832 -196 -85 478 -326 786 746 -163 -883 -792 661 -636 -889 -638 573 519 -166 -325 -182 -664 65 -342 372 38 -413 -824 -855 -930 874 -711 614 -190 -395 391 -823 -431 -603 839 300 840 217 144 -717 -258 90 670 895 -464 -605 685 672 -917 58 803 395 -451 896 195 372 -142 440 813 940 50 -268
238 -573 405 485 -894 -333 110 -295 -430 -352 -365 969 -34 248 -141 -319 113 873 -849 -27 875 -636 -706 -838 -441 346 -837 -380 542 217 -213 -536 910 290 336 -16 293 18 -427 790 84 -33 -875 -674 -164 -19 -233 -353 -674 -299 473 -508 -626 408 -904 -52 -426 453 -751 231 26 504 -166 106 947 51 -519 82 545 541 -350 221 -950 -35 328 -178 310 228 -305 -619 -268 -412 181 -470 -837 -587 -847 885 488 229 783 37 495 -294 988 -299 -854 -701 -852 -425
405 -496 236 89 -461 -417 273 -410 499 379 -573 882 -25 466 -685 295 -549 268 -858 338 -903 992 -856 353 542 341 215 260 658 -862 -251 -982 -272 322 -631 307 870 983 159 -161 -935 189 786 -903 294 674 -675 -394 250 -216 687 632 428 61 345 -885 746 230 -822 765 -347 -956 -258 -41 587 866 837 -526 -516 -997 653 -220 -758 407 491 479 -410 -424 -988 -95 -912 -118 -720 184 -913 945 -717 331 -927 -897 420 -891 427 -59 919 -613 152 -903 -892 -74
485 -155 -498 -58 -130 -39 -285 -131 -630 935 -608 -732 562 -844 246 -102 509 -156 -901 -14 865 499 313 971 925 117 -72 739 -599 -785 -62 -534 -815 -528 -928 315 -515 980 726 -966 -613 801 -697 210 -753 699 175 41 286 731 -925 63 832 -357 -440 208 524 -63 797 381 409 893 -559 -280 113 323 102 -90 785 822 -459 666 -165 -494 -690 850 589 192 603 617 -763 541 -750 -789 -225 856 -47 613 17 -115 717 143 355 729 -862 109 -432 206 -279 485
128 321 906 834 -999 -590 880 218 459 -138 -41 -625 -905 56 829 -18 124 484 -561 -2 92 -446 180 222 119 113 -774 -489 -301 810 663 539 214 -990 -614 759 -721 -891 -481 814 -719 -88 -443 737 597 416 -764 -981 -317 689 -931 548 375 967 -269 509 -616 540 477 -415 -840 -834 -572 682 522 -234 -479 -202 -623 240 -733 -600 925 -137 348 608 121 -297 603 -274 975 685 40 11 865 732 -514 846 -940 464 -893 231 178 74 38 260 152 683 565 352
-56 -427 438 593 193 901 798 -402 319 402 -854 -515 243 956 -677 650 -315 450 -424 -959 901 892 894 -193 -568 959 686 359 -749 899 -309 819 311 106 152 927 188 570 397 -222 734 -332 53 855 225 -303 -318 44 502 -565 -807 960 -197 -538 -898 811 811 -560 661 -958 601 166 -637 98 679 286 -259 -452 -492 291 -526 -554 -116 -991 150 -564 -540 -960 -3 626 -822 -846 -286 88 -905 -533 -725 210 -597 -352 264 -710 314 622 -153 -663 216 412 9 204
-738 -430 -496 106 -860 534 -568 66 15 -119 505 -389 270 -294 652 -289 235 311 104 -421 -295 34 188 435 446 -953 831 480 -939 -477 -877 257 534 -218 -352 -829 -196 195 585 856 -348 388 -324 770 332 -336 267 -194 -834 356 -719 -792 -331 122 -168 -11 143 728 -518 -731 -837 -997 64 333 431 260 -937 -859 51 -967 373 -181 -107 -964 -707 -453 -81 -198 913 886 -943 836 -290 450 364 84 -796 -699 323 762 -510 791 -989 -631 -434 -309 -714 46 788 -286
233 997 784 -620 -487 623 127 432 719 21 932 621 205 232 -455 110 43 -889 773 193 431 -591 117 -397 -559 -853 -664 928 744 -909 48 -667 -745 -700 -32 -93 -859 -405 803 -716 886 -257 -400 -724 -38 108 -390 -70 -179 -191 121 -468 -228 283 198 706 -828 820 557 -9 -419 -33 258 -588 760 -449 874 406 256 276 -209 -550 -111 -364 219 98 -563 -914 225 -453 -895 -918 4 -411 -758 587 -454 426 -741 767 167 -646 -565 -704 953 -750 -744 185 779 393
370 -439 -194 -350 -712 -618 599 -751 12 856 -872 -618 -109 -430 -751 -267 238 -184 -853 -586 -85 314 557 -503 847 -649 387 56 656 680 -388 -453 478 -404 895 747 -848 -243 -94 584 -195 762 -545 -141 -962 -807 389 387 -581 -300 504 288 45 -896 -111 -137 -484 902 -176 806 465 777 570 -881 413 272 -357 -643 -394 -722 579 700 906 -853 -959 155 -952 -447 380 -876 564 -304 -197 -331 123 -156 713 246 -803 -626 968 -153 -757 356 -843 109 563 946 120 425
-780 -469 -535 -642 -720 945 375 -923 -788 -980 -855 313 606 -489 545 201 -261 974 -586 -784 -538 -593 52 360 29 755 408 -147 -350 -726 -735 -970 575 -987 192 -381 -453 -2 493 640 474 -614 696 275 -607 -543 -962 186 534 -183 -701 451 263 730 992 -972 -184 755 -757 126 -686 -262 959 -582 -774 -840 -59 756 -751 -124 -544 -642 -558 -893 -440 513 448 272 -312 720 49 -792 293 -251 -129 264 69 319 -87 -58 812 -846 750 -410 894 -778 216 -851 956 -234
-439 181 -230 227 785 343 -567 230 401 379 72 -887 140 -396 -580 -512 -696 -691 -121 -263 278 666 448 705 -41 559 139 -623 21 443 -558 -70 -757 -551 521 220 -56 -63 476 697 362 979 -149 -9 127 -449 -348 -78 152 -434 -239 -894 348 181 -454 -434 117 -399 780 -949 698 -290 -206 -480 459 -526 -578 756 -221 819 451 -654 20 0 601 -178 -905 814 -485 -307 497 -109 -492 40 -43 -854 449 -825 -47 949 -707 -561 623 -382 -614 456 -784 198 -587 -189
70 878 912 114 -437 -330 449 -696 -824 566 -852 926 489 570 -10 972 791 705 958 747 -96 -789 308 -231 570 -43 -701 -662 581 275 -680 431 404 -556 197 293 381 -505 384 -170 700 599 -712 -974 667 -515 -488 -905 -887 312 923 65 -573 -550 21 639 311 -442 -982 -662 -34 735 -779 -711 -482 -102 -863 506 -651 -948 540 829 -587 841 107 -822 279 388 621 609 -20 823 963 226 400 111 321 204 -118 -536 -808 -583 -399 -798 834 834 671 896 -58 868
591 -993 804 -85 -502 -698 654 437 212 -457 -169 390 -391 -27 -315 738 -278 276 -597 836 189 -49 -673 -161 61 -785 82 116 -750 529 -965 -133 756 523 -752 -19 -137 271 334 -992 -736 273 328 424 -964 62 215 -337 996 -897 -125 484 -241 -75 -942 -548 -651 -118 -545 -429 727 -505 -184 -34 -365 446 -994 -888 446 871 -223 -589 -666 216 397 -673 376 -169 252 -811 -974 -598 672 -782 -959 -909 -837 519 389 362 895 683 833 802 602 -285 -110 196 -344 604
-571 666 -2 334 -61 -29 61 81 -817 -988 -810 -498 -535 987 -854 960 -300 574 19 302 236 796 128 -456 566 851 -634 -629 -103 619 462 139 -940 51 134 -128 -247 -812 212 153 -867 501 354 256 -449 -502 760 -904 -939 772 582 315 596 53 -609 189 467 549 456 -415 63 -677 150 435 809 408 488 -267 -887 801 -235 563 -856 -90 212 149 916 577 320 -556 866 -256 -97 275 932 -670 -106 -303 -816 487 -83 -663 -583 -743 691 615 732 632 281 910
936 -701 0 -328 323 -70 67 945 782 58 -406 736 611 360 -590 23 870 779 635 581 -965 -179 540 505 -761 385 321 -796 256 -680 -336 -496 -199 82 922 549 825 652 867 844 911 -100 29 -692 969 -967 481 -648 -128 723 -859 -563 -430 214 528 704 -774 -801 -96 -498 477 -538 844 789 762 -168 263 -127 -647 -929 754 215 992 -482 23 -772 -733 -422 -394 351 789 973 -266 638 -544 -728 792 83 135 -567 -578 148 -752 473 -566 -799 -82 253 -859 857
113 -150 166 363 189 592 -378 619 989 837 546 -510 -805 -961 239 738 174 -210 325 -659 -846 -382 252 -96 -737 -337 -700 582 -550 -719 -584 -898 938 -333 443 -266 -232 -477 -361 -858 807 962 426 -128 799 913 -34 593 -711 -550 -323 640 -509 -387 815 524 220 770 -888 596 -583 406 175 -345 -423 -656 847 386 549 -558 -157 -13 791 697 -135 -808 273 591 862 -13 463 -538 138 284 555 780 47 -548 478 686 428 -578 815 125 216 -134 -644 861 -551 -722
-974 -931 -761 259 -14 460 584 -434 -688 -638 -867 63 439 -603 -231 -152 128 -676 -988 -761 -363 991 468 474 266 -9 294 -617 -238 303 941 -670 -573 521 -131 -536 -780 -491 930 -34 -695 -961 -578 -14 -218 -145 993 -54 -918 457 160 342 -427 -234 143 439 63 655 71 157 -506 -201 904 726 514 741 648 561 -434 178 701 -874 -835 877 -212 -245 -605 -549 974 -614 -267 -118 -111 267 -36 400 -980 -993 812 -451 800 -215 53 -935 143 -520 -283 222 -742 408
-866 -836 -619 146 318 670 -332 -526 988 457 -419 -656 224 -930 598 993 624 -200 -817 424 334 -591 796 -452 80 -478 -772 500 518 875 -119 -607 756 668 450 -449 -368 -737 -508 827 161 -503 -971 -698 524 -701 430 -968 752 940 -739 -66 887 -993 -57 579 395 4 228 -159 80 86 -748 -174 -862 -449 198 405 -750 -342 -712 -801 -494 -506 268 3 -315 -484 -110 238 -886 388 -556 483 484 355 409 143 245 -464 -423 -614 170 -44 -316 125 -74 474 950 431
52 -580 260 857 471 125 -695 -626 -930 -473 -620 358 -568 697 -503 553 847 631 124 -902 -642 -119 -329 -800 -760 -783 -260 707 299 630 482 -561 462 -799 -200 -843 -457 840 281 296 -287 -853 877 -783 -127 -111 8 63 -162 -281 490 124 -659 573 638 -321 238 392 95 -785 -301 856 -633 -488 515 6 -99 119 505 818 221 485 -735 -305 -109 502 359 205 828 -907 161 986 -87 247 -329 724 409 -744 -515 -392 -864 412 130 -202 -976 674 -42 -40 -1 -165
-703 -191 165 809 21 344 15 -734 -568 -45 -658 45 594 138 -548 -615 -803 967 -847 826 -805 38 357 -767 299 235 745 -213 78 -549 -334 224 -552 814 295 436 528 -76 -783 422 404 -824 -718 119 -562 835 -286 65 126 696 902 774 -41 238 -46 726 -187 738 454 543 -680 65 580 -411 -234 -111 -299 988 -834 186 -270 230 -235 846 171 -583 483 103 678 219 370 277 -976 -73 93 11 -266 -686 -991 -229 756 -169 -850 472 -602 -429 -295 342 808 -958
-319 -716 -459 -890 883 913 -683 -959 -179 -87 -176 798 337 961 971 852 94 -515 364 774 -560 926 417 -722 809 28 482 212 -314 13 -599 790 -780 -795 182 -210 -410 593 597 168 798 288 -286 -798 222 -29 -361 -654 678 332 -557 386 -918 499 -269 971 79 673 405 337 691 -441 184 198 -394 606 -907 -104 -105 100 -973 124 -341 -124 86 -171 -470 -469 -494 720 717 501 144 -42 -328 -569 -868 602 -511 -50 -537 -384 293 9 -23 953 -787 4 -302 -152
107 -242 766 234 594 581 468 -327 857 -702 371 -423 -604 -467 -687 -670 870 187 15 -733 436 -687 154 -71 -412 -149 -618 -470 488 -614 -4 -314 637 -506 176 -820 990 -646 687 -379 -228 -973 -388 -436 798 -553 -409 445 207 261 990 -550 67 886 -524 -995 772 -528 -440 635 182 -869 77 -820 13 289 -978 -600 964 311 7 795 -40 -929 -872 453 138 -757 333 218 67 -534 8 -302 -574 901 210 -934 490 493 143 529 -664 776 923 -404 615 -580 -755 -262
-478 408 -381 513 -706 -119 100 394 35 -488 -930 -794 65 961 -453 594 443 352 -259 -89 -450 440 216 338 843 746 365 144 -855 438 454 566 802 806 897 -239 887 -358 715 -929 940 645 -130 367 406 -966 -937 691 -684 274 -276 -20 -2 839 485 483 -940 250 446 -174 -263 -860 -7 102 -761 -77 572 -488 -965 -46 -925 99 456 -508 -470 -513 99 210 -842 145 -22 541 -413 -331 -360 423 -316 616 -222 330 -430 944 101 -93 -400 109 -26 -282 -609 129
954 699 86 -968 335 -791 416 -304 564 -178 895 -677 -315 -268 -351 -720 814 -908 -229 766 -129 743 -587 575 636 -367 -208 -254 -874 -631 -203 803 774 342 -834 141 -364 -533 158 -337 -596 888 -272 -869 -825 -181 -983 745 -293 -457 -741 5 526 -253 671 158 674 326 -587 64 830 -342 -2 -681 -742 602 -411 825 207 -754 -750 639 -318 448 -769 -91 115 34 88 -202 -932 616 -249 460 623 878 201 -535 136 -567 714 -352 -260 652 -457 -759 -931 -783 -205 -477
-940 -986 -894 978 147 -800 -237 -793 582 -880 900 358 914 -737 -373 -982 -37 -594 517 -469 -877 -4 704 -874 465 332 635 -925 -376 608 -610 -801 335 -322 52 -751 593 -712 -608 -262 -142 624 -796 249 -240 -806 332 681 829 -906 904 -197 997 441 787 175 -597 392 13 69 -871 -182 83 -378 -235 -596 -169 -324 904 -643 215 778 1 -59 5 -823 488 904 807 204 511 651 -30 879 889 270 20 573 -496 686 -460 397 836 124 177 932 893 -304 222 33
-856 -798 -501 -278 474 -344 130 -676 785 -291 -392 280 -489 658 880 51 -10 226 717 -535 554 547 -696 627 860 842 -880 669 78 -706 18 -933 61 -784 -22 -626 360 318 -303 194 -662 617 355 -800 -46 721 239 -875 -574 -971 -479 570 -886 -272 -85 -335 344 870 733 -373 6 -976 305 913 -418 495 50 -870 -517 615 659 -640 -367 -401 -505 941 131 -822 730 -941 -317 622 -603 -740 -652 -898 70 -929 42 889 248 231 -10 -730 -337 602 -543 377 403 244
-959 -118 -896 457 204 893 111 47 189 411 145 575 589 528 438 -559 46 791 216 44 -542 551 -591 253 952 605 -795 235 -40 837 765 667 51 -817 -41 414 47 -149 647 210 -370 67 400 767 -437 -43 -193 687 -48 76 -376 -717 754 -505 875 -508 -213 -375 -347 -275 -384 -14 681 602 336 736 -480 967 34 876 -254 -157 -593 -473 588 -785 284 -54 -335 -868 384 -574 -661 172 -704 893 462 146 -878 -41 794 814 175 254 653 108 -737 59 760 -260
764 889 -14 -856 -658 160 527 470 541 771 730 -336 238 659 782 425 563 -715 -493 -535 -943 72 915 540 292 -975 -343 -220 249 -778 358 591 -738 430 -901 147 -871 60 -611 342 -730 676 556 -927 -944 -76 -615 -429 -286 896 -267 239 520 399 -751 744 -960 -209 17 -192 155 244 -177 705 360 -465 -106 334 -298 -470 976 708 -405 -46 102 366 805 751 -494 748 -736 482 -456 -940 -945 488 -940 1 956 462 -142 727 -293 182 830 772 455 880 -319 704
448 -733 -543 334 145 -809 -26 438 -721 -874 -547 -793 245 248 892 312 -590 -748 -806 -154 -689 -259 160 436 -656 257 952 766 65 469 -938 -125 637 812 -300 245 708 -533 857 -682 220 487 725 -289 -773 958 648 390 919 -720 819 -14 -933 -658 999 -948 -23 -72 -773 81 -784 416 -760 251 -807 -134 709 878 -443 -573 148 454 432 62 -916 885 950 504 125 871 -820 -763 -417 205 -266 -136 -604 611 -150 -708 356 223 -85 209 252 344 -474 730 -837 261
466 -443 -263 -25 -207 420 303 411 22 -896 -823 479 536 -78 -223 -302 938 498 -734 -841 39 631 400 -172 439 943 240 -285 -361 -691 711 -449 199 92 454 732 772 608 484 -500 291 -586 594 -712 927 -258 -706 -650 -535 199 200 -587 156 -208 -931 -449 -2 -56 389 683 -680 -778 645 127 -203 439 831 -676 -928 22 -742 -936 88 995 -942 -214 687 -242 -688 82 180 -738 241 -355 960 910 846 -738 320 -858 58 973 816 -467 859 -708 -394 -455 752 -620
-469 -77 -943 442 707 17 624 287 -644 718 941 877 261 49 -164 233 -783 -112 961 577 117 -286 -914 -64 729 -812 -80 157 -579 434 92 42 -462 123 -705 601 164 -796 -853 18 684 117 506 188 763 -107 -415 -738 -530 -483 -190 537 914 -325 575 -89 -231 869 -908 -934 58 567 284 850 -661 339 -418 -767 27 -793 -290 577 600 44 79 -532 581 931 -862 903 500 -594 431 -963 946 -822 -885 -144 136 187 739 -310 749 -806 -8 -867 -378 675 -607 301
-787 188 -297 851 4 -397 471 786 239 -421 879 -9 336 484 143 384 865 -246 433 344 916 -831 -477 -820 134 196 537 814 -257 -171 352 -707 -165 -222 -235 -438 -630 403 -25 76 448 -516 -893 424 -19 -574 114 -302 -754 -660 -876 -568 -839 705 478 -844 -635 604 -27 434 906 -239 873 -423 855 -264 -268 26 751 931 -572 -865 31 600 -627 58 -418 520 -177 757 745 883 403 98 -794 19 584 16 -553 474 935 -670 371 300 -973 170 527 347 845 332
13 333 -218 839 -263 -517 79 -189 538 -105 -354 -408 -710 -315 -970 931 -106 -182 -221 -947 602 484 166 -244 378 597 -819 -948 -102 881 649 501 149 -448 -843 -671 328 724 -211 254 262 462 543 462 -164 -472 -299 -599 -5 -10 439 148 263 -769 -802 -949 -470 -856 -422 740 892 -411 -551 -438 -744 885 681 285 -339 154 698 979 -726 632 350 392 -548 -4 -307 -132 -746 -130 -257 -763 544 452 -850 83 221 -442 865 773 -405 -907 -907 789 -645 -678 326 876
372 830 102 -785 -973 896 957 -567 -450 -436 -931 520 -866 459 133 259 -180 357 -793 541 -642 413 18 -412 107 558 -908 -45 -992 -64 -277 -12 -760 92 -245 -796 334 -733 893 886 465 -578 -626 247 705 495 19 102 -858 -561 12 192 -782 136 -389 -665 703 838 416 479 -779 -189 -682 -201 43 -740 -652 -432 -656 619 -710 -675 856 -676 -398 587 -322 971 502 -76 -859 780 -506 120 597 -538 41 745 490 -332 376 -126 463 -64 560 -9 -686 -765 774 -488
-509 458 624 432 564 476 -238 188 722 441 367 -926 -602 -917 932 578 -668 851 316 -668 -430 504 -924 565 510 3 -145 -903 -792 126 -400 -460 -420 -862 66 554 436 -733 -570 -56 -40 -208 -274 -363 -859 917 268 203 -977 404 182 -136 332 -839 85 596 703 207 -506 -719 -290 -863 -94 59 -334 28 316 -617 181 -167 834 998 510 214 529 325 4 -210 -87 356 695 -198 442 601 -82 961 -944 965 553 -945 491 -379 -487 890 855 768 368 -231 933 31
35 517 112 791 584 -565 75 471 -837 192 -641 -783 -187 -900 -243 399 776 536 -710 466 -926 -577 840 846 -577 21 -485 -636 159 -250 433 -532 -222 29 793 892 -976 -273 157 -132 -665 461 305 63 -671 -461 921 -240 -723 -837 338 370 892 -469 -956 666 -877 -826 40 -856 -684 -480 -260 -292 -775 526 281 371 592 -868 -146 904 320 148 455 406 234 836 103 220 -751 56 266 -666 -711 -797 421 154 -107 929 -711 3 -201 -39 -131 437 884 -665 330 -582
-563 -348 178 -889 -959 961 -623 -520 -611 58 200 -783 525 -889 23 -473 -987 194 -676 776 320 548 -54 337 -944 -597 -585 378 903 952 904 225 23 -341 -842 -90 -335 102 411 -636 -27 21 121 661 -56 498 331 -659 954 -759 301 -488 -250 604 131 116 -544 -597 891 -136 -564 -247 697 -673 149 740 -758 -465 -797 -73 657 -814 -305 -754 113 798 43 292 -52 -526 -673 -492 200 -176 -257 -937 370 -825 -863 -827 -226 -314 179 128 377 -917 556 -315 423 -255
457 954 273 -245 657 -862 395 -376 -7 317 -562 -481 -700 448 -891 -822 463 579 147 649 -95 -303 -952 -558 281 578 -592 528 -558 135 908 -377 838 -28 -889 -979 -626 -771 -318 -636 -570 588 -547 -973 16 35 -725 477 728 -324 -614 248 161 340 306 -274 921 657 -432 -281 383 -274 327 -320 137 529 -179 -262 76 330 756 711 -261 -546 250 -529 -639 -235 248 -299 -891 -377 609 -607 787 120 106 -222 -704 -414 -147 -602 283 517 -521 502 540 -794 280 326
249 -793 -423 -212 -772 -994 442 -307 -759 825 -348 794 202 876 -722 -382 -558 706 -852 411 780 307 1 993 -690 -899 -804 -527 -429 171 -907 -590 392 339 -933 36 155 -921 50 -615 -722 -967 -522 666 -365 -472 -479 204 -235 -962 162 -732 756 915 294 460 -255 783 741 512 452 793 711 -795 283 19 374 868 94 587 -366 50 950 971 934 485 -299 574 -85 -248 -50 -328 -367 -753 -261 -368 -623 -442 35 -982 995 -549 713 340 -304 -211 -881 320 277 564
872 610 -87 -895 -518 581 -6 525 -976 -725 -511 535 613 -755 -941 857 -419 981 -739 -146 -7 -347 971 -665 16 -921 -803 321 -97 284 540 609 -200 -773 422 285 364 -555 -133 513 -741 196 -841 956 733 -866 -505 -762 160 571 17 35 475 552 -377 720 -459 147 -319 247 -641 -386 542 -803 539 356 109 350 -742 -687 789 -546 -700 -940 -699 596 -36 916 -350 678 -397 511 -532 -814 -141 545 -167 -745 381 -366 -421 -359 580 -267 -179 489 619 -528 -800 -610
-893 125 -473 767 -583 518 -786 546 -888 810 -902 369 -225 649 840 -125 54 -212 365 -941 198 -492 -38 -715 977 -304 634 -941 -998 356 -125 -767 192 532 748 -711 2 571 774 565 -833 -311 -747 588 -81 -178 544 30 -259 -974 559 40 45 -187 -734 -258 986 668 -30 591 861 114 -648 -58 -269 908 682 -739 596 -693 -785 641 41 894 -180 129 -198 942 14 -7 208 -225 -638 467 -48 -574 -366 -729 -684 637 -758 -289 791 498 235 -10 -742 362 -287 230
-605 -793 221 -86 -431 924 -179 -433 -46 -760 -351 -503 105 -6 -479 -567 78 540 -176 -523 200 -890 251 447 919 -523 454 -789 974 425 812 -839 -959 -135 -825 158 948 -21 -483 -29 -628 474 992 380 452 765 937 -550 -128 -955 618 208 -510 826 455 -862 974 772 439 751 710 561 47 -56 695 848 6 799 -974 406 -678 530 -876 271 51 925 993 963 -196 766 -483 -229 -154 384 -576 738 122 514 657 942 903 110 -518 232 998 -423 448 -706 -876 352
316 804 -543 -246 -609 -99 -693 963 -450 758 -94 -566 657 486 641 774 -233 632 -993 700 226 -510 -899 982 921 395 -735 -206 203 -105 707 663 -358 -147 -349 387 -119 -624 -566 -934 -558 -526 -428 -283 135 -770 733 -369 642 -359 467 662 -893 570 -608 -252 -988 550 -489 -508 58 -25 949 -593 419 214 438 43 -190 -9 -944 197 -391 -126 -291 184 930 -640 -757 677 -777 -819 -721 956 -839 146 -507 -747 159 -890 170 -887 -409 -211 837 580 -195 690 -767 516
625 50 706 31 -727 -591 -265 -174 -879 -547 26 -562 -761 654 -55 -41 110 196 -989 261 -154 19 -142 413 -136 877 248 769 -500 -476 287 -839 -598 305 875 -391 415 -221 -818 194 937 61 18 726 -898 456 -466 723 -399 881 8 441 31 765 -19 271 -967 -768 15 -627 504 -187 -753 509 254 222 -33 -578 290 945 153 208 -444 -714 -635 -545 301 265 718 -78 -83 -363 118 807 123 804 176 -157 -340 827 970 -899 -68 850 -813 -872 -808 990 538 328
-345 789 257 -612 163 258 -892 -231 -409 836 -447 999 712 -867 914 -808 -21 -810 -57 975 135 805 -412 996 -969 -869 -215 209 -67 221 -319 599 351 -428 93 16 -579 220 -582 -548 -119 -354 856 -249 -407 649 -597 -369 -747 937 371 191 115 394 342 417 422 749 -781 540 697 504 -76 818 515 183 -813 -378 502 -467 200 102 -36 242 -814 -612 443 727 272 645 563 831 296 -311 -177 -849 -504 257 -40 -303 465 -762 858 -716 -975 -176 108 286 -735 277
215 415 858 -124 -419 -531 627 -671 -947 285 117 -266 -285 353 8 29 -941 901 113 -331 -588 -914 91 -19 852 -33 708 405 -650 438 838 540 -4 13 -568 -947 -846 -476 -632 726 -481 -899 -406 -722 -322 501 263 438 541 722 -295 749 -510 633 141 -641 708 -79 307 885 351 -407 560 524 854 406 58 -655 -892 -910 -145 565 -902 -138 -265 186 -961 368 -931 -427 -739 482 479 615 509 530 50 119 -146 633 -566 -859 -662 420 416 865 988 31 -294 -422
165 -949 -321 511 -829 -824 666 -417 -299 -428 -798 521 374 -848 -352 975 -64 975 932 -958 710 -393 812 655 -898 -835 -507 -511 -196 -951 -772 592 -193 -520 -893 633 -722 182 618 953 -495 -886 -786 -356 845 -735 791 272 -158 -162 25 -115 -95 32 -192 -897 727 -118 -119 -949 415 23 -37 952 -862 -506 567 84 715 781 552 280 426 -825 -624 -10 -642 -90 608 -331 -611 -468 -481 340 -896 391 -984 590 809 271 177 385 -11 214 -239 -697 724 -929 -379 69
592 194 -404 82 -814 418 876 449 210 -991 291 -262 -911 507 472 830 -673 -742 -423 813 778 999 -100 -42 66 -47 883 757 8 -321 801 -304 461 -476 -782 -569 699 712 250 -552 781 142 -214 709 685 959 -633 310 -815 -848 553 922 -571 -326 475 696 230 439 966 66 893 238 -247 187 618 443 973 411 -14 864 -400 -65 -787 -807 554 -214 738 -519 569 456 -341 -614 664 805 201 401 -449 100 -94 -210 -976 177 9 644 949 245 519 844 -195 -616
275 864 -239 543 -832 -354 562 460 611 -535 -754 875 908 960 -547 -866 912 -24 965 -351 -858 -478 -201 -838 -652 -954 530 640 -797 -686 -815 518 -195 520 67 66 425 -534 -196 -494 726 540 512 -210 -407 715 744 464 -897 400 -3 -974 999 114 822 333 -838 764 453 -67 600 -714 -652 -25 100 -328 585 623 178 -274 820 279 -756 -882 804 -841 -801 -962 -250 -700 346 -745 42 -390 -927 972 829 -173 384 -387 -836 -576 -186 -569 -307 -214 -922 -239 240 953
-132 -553 -188 525 926 557 -724 615 -598 -134 50 827 949 967 121 288 202 879 197 94 85 896 -178 790 28 334 -749 -915 474 -319 -365 666 966 -648 -373 406 -71 -681 -807 744 15 998 567 276 -492 -989 192 393 167 80 637 812 -343 -438 -289 139 -236 164 -592 534 -428 364 596 314 364 -711 -825 -849 302 743 553 615 773 670 387 832 -746 652 -221 949 293 -42 681 -28 -53 -93 918 604 -783 -626 379 169 917 -740 -817 -495 151 -975 -726 530
-459 -749 -514 -428 787 -862 306 -613 477 -506 -634 -652 905 541 347 -578 -282 175 -677 -177 764 433 -422 -499 429 210 -45 -880 492 -488 -768 333 -339 309 462 406 -68 -925 -626 286 315 259 678 130 567 -61 10 -582 959 -91 -34 -340 -867 838 742 -381 377 821 308 -92 -34 542 46 31 -470 921 785 246 -264 430 924 -638 33 -799 132 903 215 -357 337 -750 516 -485 122 191 -979 -314 911 -61 -26 -533 -473 -736 238 -524 -2 371 902 -724 -884 -888
-983 106 -847 508 289 742 -185 988 -366 -879 -212 642 -322 437 -544 -256 -4 531 -164 -223 -153 61 -520 124 798 -148 -236 77 207 -201 -431 553 -653 377 213 -248 45 411 644 -418 -713 926 413 -575 -670 -791 -50 -854 557 471 -842 323 814 97 -409 962 -526 739 290 -316 -236 560 -275 -865 -457 449 -90 -31 492 -812 588 460 -847 -964 -218 140 -800 224 -65 -466 -771 961 294 -836 -176 453 -984 -576 -295 912 -893 -926 609 980 -418 809 -440 640 -351 -597
77 -317 320 105 770 423 34 -454 -677 -140 -234 -395 -907 -387 364 -521 -811 -774 -553 952 -441 -708 -159 44 -238 -921 -644 -428 592 -758 -433 -387 225 -953 118 -828 26 238 -492 347 -299 566 952 372 -933 -468 -576 50 -721 -865 -902 870 870 479 -178 227 591 -524 377 -847 233 474 295 -926 -738 776 301 -390 -374 94 -496 -741 7 921 131 -350 -508 -118 -490 517 -871 -897 -23 -632 848 -331 383 310 -690 -858 -479 168 -598 -327 -273 -629 -893 699 851 -886
649 -830 -906 -358 -511 -56 816 98 -971 993 600 -566 -962 -275 -605 -636 -244 5 -935 -171 989 -541 -342 -534 799 387 589 943 244 675 537 168 -130 -498 -762 47 231 -29 532 629 -981 -864 383 -373 -249 35 380 894 -162 -706 -334 -722 -268 852 -378 -397 533 530 417 -708 -283 -376 113 -840 -217 -991 193 636 106 -517 -401 69 -209 98 898 758 -762 -198 -835 -949 -120 610 245 -432 662 -336 148 116 -850 -781 -932 479 -493 -18 954 -567 178 386 -674 -419
-982 491 133 -118 362 -488 -612 593 -425 -295 -62 -274 -730 235 -566 976 906 187 -641 915 -124 321 144 -378 -229 463 -437 443 77 -355 973 -679 899 -100 -925 -275 987 -797 -745 11 -272 301 955 510 -424 836 429 840 -123 -813 -165 347 -598 -576 81 -74 -436 155 -471 648 751 644 150 -837 -604 511 -410 748 457 100 596 271 341 -170 312 -809 -561 -563 434 -547 -205 623 668 -438 813 37 -135 -127 791 -86 -135 270 603 -663 -791 -15 -681 -319 -52 609
